mag_low, mag_high, arc_down, arc_up, eff
15.75, 16.12667, 2.51189, 3.41455, 0.0
15.75, 16.12667, 3.41455, 4.64159, Nan 
15.75, 16.12667, 4.64159, 6.30957, Nan 
15.75, 16.12667, 6.30957, 8.57696, Nan 
15.75, 16.12667, 8.57696, 11.65914, Nan 
15.75, 16.12667, 11.65914, 15.84893, 0.0
15.75, 16.12667, 15.84893, 21.54435, 0.0
15.75, 16.12667, 21.54435, 29.28645, Nan 
15.75, 16.12667, 29.28645, 39.81072, 0.0
15.75, 16.12667, 39.81072, 54.11695, 0.0
15.75, 16.12667, 54.11695, 73.56423, Nan 
15.75, 16.12667, 73.56423, 100.0, Nan 
16.12667, 16.50333, 2.51189, 3.41455, Nan 
16.12667, 16.50333, 3.41455, 4.64159, 0.0
16.12667, 16.50333, 4.64159, 6.30957, Nan 
16.12667, 16.50333, 6.30957, 8.57696, 0.0
16.12667, 16.50333, 8.57696, 11.65914, 0.0
16.12667, 16.50333, 11.65914, 15.84893, 0.0
16.12667, 16.50333, 15.84893, 21.54435, 0.0
16.12667, 16.50333, 21.54435, 29.28645, 0.0
16.12667, 16.50333, 29.28645, 39.81072, 0.0
16.12667, 16.50333, 39.81072, 54.11695, 0.0
16.12667, 16.50333, 54.11695, 73.56423, 0.0
16.12667, 16.50333, 73.56423, 100.0, 0.0
16.50333, 16.88, 2.51189, 3.41455, 0.0
16.50333, 16.88, 3.41455, 4.64159, 0.0
16.50333, 16.88, 4.64159, 6.30957, Nan 
16.50333, 16.88, 6.30957, 8.57696, 0.0
16.50333, 16.88, 8.57696, 11.65914, 26.25
16.50333, 16.88, 11.65914, 15.84893, 52.38095
16.50333, 16.88, 15.84893, 21.54435, 92.91667
16.50333, 16.88, 21.54435, 29.28645, 93.75
16.50333, 16.88, 29.28645, 39.81072, 95.0
16.50333, 16.88, 39.81072, 54.11695, 92.5
16.50333, 16.88, 54.11695, 73.56423, 73.125
16.50333, 16.88, 73.56423, 100.0, 0.0
16.88, 17.25667, 2.51189, 3.41455, 0.0
16.88, 17.25667, 3.41455, 4.64159, 0.0
16.88, 17.25667, 4.64159, 6.30957, Nan 
16.88, 17.25667, 6.30957, 8.57696, 22.60417
16.88, 17.25667, 8.57696, 11.65914, 65.40179
16.88, 17.25667, 11.65914, 15.84893, 93.54167
16.88, 17.25667, 15.84893, 21.54435, 92.70833
16.88, 17.25667, 21.54435, 29.28645, 93.125
16.88, 17.25667, 29.28645, 39.81072, 96.25
16.88, 17.25667, 39.81072, 54.11695, 75.33333
16.88, 17.25667, 54.11695, 73.56423, 77.08333
16.88, 17.25667, 73.56423, 100.0, 31.66667
17.25667, 17.63333, 2.51189, 3.41455, 0.0
17.25667, 17.63333, 3.41455, 4.64159, 0.0
17.25667, 17.63333, 4.64159, 6.30957, 7.34848
17.25667, 17.63333, 6.30957, 8.57696, 0.0
17.25667, 17.63333, 8.57696, 11.65914, 76.30208
17.25667, 17.63333, 11.65914, 15.84893, 93.95833
17.25667, 17.63333, 15.84893, 21.54435, 90.41667
17.25667, 17.63333, 21.54435, 29.28645, 92.8125
17.25667, 17.63333, 29.28645, 39.81072, 93.75
17.25667, 17.63333, 39.81072, 54.11695, 47.08333
17.25667, 17.63333, 54.11695, 73.56423, 13.125
17.25667, 17.63333, 73.56423, 100.0, 0.0
17.63333, 18.01, 2.51189, 3.41455, 0.0
17.63333, 18.01, 3.41455, 4.64159, 0.0
17.63333, 18.01, 4.64159, 6.30957, 14.44444
17.63333, 18.01, 6.30957, 8.57696, 75.17361
17.63333, 18.01, 8.57696, 11.65914, 81.21094
17.63333, 18.01, 11.65914, 15.84893, 92.29167
17.63333, 18.01, 15.84893, 21.54435, 91.25
17.63333, 18.01, 21.54435, 29.28645, 91.875
17.63333, 18.01, 29.28645, 39.81072, 45.0
17.63333, 18.01, 39.81072, 54.11695, 40.0
17.63333, 18.01, 54.11695, 73.56423, 0.0
17.63333, 18.01, 73.56423, 100.0, 0.0
18.01, 18.38667, 2.51189, 3.41455, 0.0
18.01, 18.38667, 3.41455, 4.64159, 0.0
18.01, 18.38667, 4.64159, 6.30957, 0.0
18.01, 18.38667, 6.30957, 8.57696, 91.66667
18.01, 18.38667, 8.57696, 11.65914, 90.625
18.01, 18.38667, 11.65914, 15.84893, 70.0
18.01, 18.38667, 15.84893, 21.54435, 69.6875
18.01, 18.38667, 21.54435, 29.28645, 75.0
18.01, 18.38667, 29.28645, 39.81072, 76.38889
18.01, 18.38667, 39.81072, 54.11695, 10.37037
18.01, 18.38667, 54.11695, 73.56423, 0.0
18.01, 18.38667, 73.56423, 100.0, 0.0
18.38667, 18.76333, 2.51189, 3.41455, 0.0
18.38667, 18.76333, 3.41455, 4.64159, 36.25
18.38667, 18.76333, 4.64159, 6.30957, 51.30952
18.38667, 18.76333, 6.30957, 8.57696, 79.84375
18.38667, 18.76333, 8.57696, 11.65914, 90.0
18.38667, 18.76333, 11.65914, 15.84893, 75.17361
18.38667, 18.76333, 15.84893, 21.54435, 78.20312
18.38667, 18.76333, 21.54435, 29.28645, 76.41827
18.38667, 18.76333, 29.28645, 39.81072, 56.5
18.38667, 18.76333, 39.81072, 54.11695, 0.0
18.38667, 18.76333, 54.11695, 73.56423, 0.0
18.38667, 18.76333, 73.56423, 100.0, 0.0
18.76333, 19.14, 2.51189, 3.41455, 0.0
18.76333, 19.14, 3.41455, 4.64159, 30.85938
18.76333, 19.14, 4.64159, 6.30957, 72.22222
18.76333, 19.14, 6.30957, 8.57696, 78.02083
18.76333, 19.14, 8.57696, 11.65914, 91.25
18.76333, 19.14, 11.65914, 15.84893, 89.375
18.76333, 19.14, 15.84893, 21.54435, 59.30556
18.76333, 19.14, 21.54435, 29.28645, 45.0
18.76333, 19.14, 29.28645, 39.81072, 25.5
18.76333, 19.14, 39.81072, 54.11695, 0.0
18.76333, 19.14, 54.11695, 73.56423, 0.0
18.76333, 19.14, 73.56423, 100.0, Nan 
19.14, 19.51667, 2.51189, 3.41455, 8.625
19.14, 19.51667, 3.41455, 4.64159, 38.86364
19.14, 19.51667, 4.64159, 6.30957, 88.75
19.14, 19.51667, 6.30957, 8.57696, 88.75
19.14, 19.51667, 8.57696, 11.65914, 88.125
19.14, 19.51667, 11.65914, 15.84893, 90.20833
19.14, 19.51667, 15.84893, 21.54435, 44.79167
19.14, 19.51667, 21.54435, 29.28645, 54.49219
19.14, 19.51667, 29.28645, 39.81072, 19.16667
19.14, 19.51667, 39.81072, 54.11695, 0.0
19.14, 19.51667, 54.11695, 73.56423, 0.0
19.14, 19.51667, 73.56423, 100.0, 0.0
19.51667, 19.89333, 2.51189, 3.41455, 5.95238
19.51667, 19.89333, 3.41455, 4.64159, 38.52273
19.51667, 19.89333, 4.64159, 6.30957, 85.625
19.51667, 19.89333, 6.30957, 8.57696, 88.95833
19.51667, 19.89333, 8.57696, 11.65914, 89.375
19.51667, 19.89333, 11.65914, 15.84893, 81.54514
19.51667, 19.89333, 15.84893, 21.54435, 21.61458
19.51667, 19.89333, 21.54435, 29.28645, 0.0
19.51667, 19.89333, 29.28645, 39.81072, 6.15741
19.51667, 19.89333, 39.81072, 54.11695, 0.0
19.51667, 19.89333, 54.11695, 73.56423, 0.0
19.51667, 19.89333, 73.56423, 100.0, Nan 
19.89333, 20.27, 2.51189, 3.41455, 16.08333
19.89333, 20.27, 3.41455, 4.64159, 58.85417
19.89333, 20.27, 4.64159, 6.30957, 84.375
19.89333, 20.27, 6.30957, 8.57696, 85.20833
19.89333, 20.27, 8.57696, 11.65914, 75.46875
19.89333, 20.27, 11.65914, 15.84893, 71.57051
19.89333, 20.27, 15.84893, 21.54435, 27.04545
19.89333, 20.27, 21.54435, 29.28645, 3.65385
19.89333, 20.27, 29.28645, 39.81072, 0.0
19.89333, 20.27, 39.81072, 54.11695, 0.0
19.89333, 20.27, 54.11695, 73.56423, 0.0
19.89333, 20.27, 73.56423, 100.0, Nan 
20.27, 20.64667, 2.51189, 3.41455, 15.58333
20.27, 20.64667, 3.41455, 4.64159, 53.4375
20.27, 20.64667, 4.64159, 6.30957, 64.75694
20.27, 20.64667, 6.30957, 8.57696, 82.29167
20.27, 20.64667, 8.57696, 11.65914, 65.88542
20.27, 20.64667, 11.65914, 15.84893, 35.10417
20.27, 20.64667, 15.84893, 21.54435, 6.69643
20.27, 20.64667, 21.54435, 29.28645, 0.0
20.27, 20.64667, 29.28645, 39.81072, 0.0
20.27, 20.64667, 39.81072, 54.11695, 0.0
20.27, 20.64667, 54.11695, 73.56423, 0.0
20.27, 20.64667, 73.56423, 100.0, Nan 
20.64667, 21.02333, 2.51189, 3.41455, 18.75
20.64667, 21.02333, 3.41455, 4.64159, 35.71429
20.64667, 21.02333, 4.64159, 6.30957, 68.33333
20.64667, 21.02333, 6.30957, 8.57696, 39.75
20.64667, 21.02333, 8.57696, 11.65914, 52.34375
20.64667, 21.02333, 11.65914, 15.84893, 0.0
20.64667, 21.02333, 15.84893, 21.54435, 0.0
20.64667, 21.02333, 21.54435, 29.28645, 0.0
20.64667, 21.02333, 29.28645, 39.81072, 0.0
20.64667, 21.02333, 39.81072, 54.11695, Nan 
20.64667, 21.02333, 54.11695, 73.56423, Nan 
20.64667, 21.02333, 73.56423, 100.0, Nan 
21.02333, 21.4, 2.51189, 3.41455, 23.54167
21.02333, 21.4, 3.41455, 4.64159, 30.625
21.02333, 21.4, 4.64159, 6.30957, Nan 
21.02333, 21.4, 6.30957, 8.57696, 38.125
21.02333, 21.4, 8.57696, 11.65914, 0.0
21.02333, 21.4, 11.65914, 15.84893, Nan 
21.02333, 21.4, 15.84893, 21.54435, Nan 
21.02333, 21.4, 21.54435, 29.28645, 0.0
21.02333, 21.4, 29.28645, 39.81072, 0.0
21.02333, 21.4, 39.81072, 54.11695, Nan 
21.02333, 21.4, 54.11695, 73.56423, Nan 
21.02333, 21.4, 73.56423, 100.0, Nan 
