mag_low, mag_high, arc_down, arc_up, eff
15.75, 16.12667, 2.51189, 3.41455, 0.0
15.75, 16.12667, 3.41455, 4.64159, Nan 
15.75, 16.12667, 4.64159, 6.30957, Nan 
15.75, 16.12667, 6.30957, 8.57696, Nan 
15.75, 16.12667, 8.57696, 11.65914, Nan 
15.75, 16.12667, 11.65914, 15.84893, 0.0
15.75, 16.12667, 15.84893, 21.54435, 0.0
15.75, 16.12667, 21.54435, 29.28645, Nan 
15.75, 16.12667, 29.28645, 39.81072, 0.0
15.75, 16.12667, 39.81072, 54.11695, 0.0
15.75, 16.12667, 54.11695, 73.56423, Nan 
15.75, 16.12667, 73.56423, 100.0, Nan 
16.12667, 16.50333, 2.51189, 3.41455, Nan 
16.12667, 16.50333, 3.41455, 4.64159, 0.0
16.12667, 16.50333, 4.64159, 6.30957, Nan 
16.12667, 16.50333, 6.30957, 8.57696, 0.0
16.12667, 16.50333, 8.57696, 11.65914, 11.71875
16.12667, 16.50333, 11.65914, 15.84893, 41.0119
16.12667, 16.50333, 15.84893, 21.54435, 63.7963
16.12667, 16.50333, 21.54435, 29.28645, 97.08333
16.12667, 16.50333, 29.28645, 39.81072, 94.79167
16.12667, 16.50333, 39.81072, 54.11695, 64.81481
16.12667, 16.50333, 54.11695, 73.56423, 64.58333
16.12667, 16.50333, 73.56423, 100.0, 38.88889
16.50333, 16.88, 2.51189, 3.41455, 0.0
16.50333, 16.88, 3.41455, 4.64159, 0.0
16.50333, 16.88, 4.64159, 6.30957, Nan 
16.50333, 16.88, 6.30957, 8.57696, 0.0
16.50333, 16.88, 8.57696, 11.65914, 27.20238
16.50333, 16.88, 11.65914, 15.84893, 53.88889
16.50333, 16.88, 15.84893, 21.54435, 95.41667
16.50333, 16.88, 21.54435, 29.28645, 95.83333
16.50333, 16.88, 29.28645, 39.81072, 93.40278
16.50333, 16.88, 39.81072, 54.11695, 97.56944
16.50333, 16.88, 54.11695, 73.56423, 72.65625
16.50333, 16.88, 73.56423, 100.0, 0.0
16.88, 17.25667, 2.51189, 3.41455, 0.0
16.88, 17.25667, 3.41455, 4.64159, 0.0
16.88, 17.25667, 4.64159, 6.30957, Nan 
16.88, 17.25667, 6.30957, 8.57696, 23.64583
16.88, 17.25667, 8.57696, 11.65914, 68.00595
16.88, 17.25667, 11.65914, 15.84893, 94.02778
16.88, 17.25667, 15.84893, 21.54435, 95.69444
16.88, 17.25667, 21.54435, 29.28645, 96.875
16.88, 17.25667, 29.28645, 39.81072, 96.18056
16.88, 17.25667, 39.81072, 54.11695, 77.77778
16.88, 17.25667, 54.11695, 73.56423, 81.59722
16.88, 17.25667, 73.56423, 100.0, 32.29167
17.25667, 17.63333, 2.51189, 3.41455, 0.0
17.25667, 17.63333, 3.41455, 4.64159, 0.0
17.25667, 17.63333, 4.64159, 6.30957, 8.2702
17.25667, 17.63333, 6.30957, 8.57696, 0.0
17.25667, 17.63333, 8.57696, 11.65914, 79.86111
17.25667, 17.63333, 11.65914, 15.84893, 94.02778
17.25667, 17.63333, 15.84893, 21.54435, 94.58333
17.25667, 17.63333, 21.54435, 29.28645, 96.45833
17.25667, 17.63333, 29.28645, 39.81072, 94.79167
17.25667, 17.63333, 39.81072, 54.11695, 48.09028
17.25667, 17.63333, 54.11695, 73.56423, 13.46726
17.25667, 17.63333, 73.56423, 100.0, 0.0
17.63333, 18.01, 2.51189, 3.41455, 0.0
17.63333, 18.01, 3.41455, 4.64159, 0.0
17.63333, 18.01, 4.64159, 6.30957, 15.74074
17.63333, 18.01, 6.30957, 8.57696, 78.7037
17.63333, 18.01, 8.57696, 11.65914, 83.125
17.63333, 18.01, 11.65914, 15.84893, 93.61111
17.63333, 18.01, 15.84893, 21.54435, 94.02778
17.63333, 18.01, 21.54435, 29.28645, 95.41667
17.63333, 18.01, 29.28645, 39.81072, 47.74306
17.63333, 18.01, 39.81072, 54.11695, 41.36905
17.63333, 18.01, 54.11695, 73.56423, 0.0
17.63333, 18.01, 73.56423, 100.0, 0.0
18.01, 18.38667, 2.51189, 3.41455, 0.0
18.01, 18.38667, 3.41455, 4.64159, 0.0
18.01, 18.38667, 4.64159, 6.30957, 0.0
18.01, 18.38667, 6.30957, 8.57696, 93.61111
18.01, 18.38667, 8.57696, 11.65914, 93.75
18.01, 18.38667, 11.65914, 15.84893, 70.0
18.01, 18.38667, 15.84893, 21.54435, 71.25
18.01, 18.38667, 21.54435, 29.28645, 74.66667
18.01, 18.38667, 29.28645, 39.81072, 81.01852
18.01, 18.38667, 39.81072, 54.11695, 10.18519
18.01, 18.38667, 54.11695, 73.56423, 0.0
18.01, 18.38667, 73.56423, 100.0, 0.0
18.38667, 18.76333, 2.51189, 3.41455, 0.0
18.38667, 18.76333, 3.41455, 4.64159, 43.4375
18.38667, 18.76333, 4.64159, 6.30957, 52.06349
18.38667, 18.76333, 6.30957, 8.57696, 82.03125
18.38667, 18.76333, 8.57696, 11.65914, 93.75
18.38667, 18.76333, 11.65914, 15.84893, 77.5463
18.38667, 18.76333, 15.84893, 21.54435, 82.88194
18.38667, 18.76333, 21.54435, 29.28645, 79.50321
18.38667, 18.76333, 29.28645, 39.81072, 56.66667
18.38667, 18.76333, 39.81072, 54.11695, 0.0
18.38667, 18.76333, 54.11695, 73.56423, 0.0
18.38667, 18.76333, 73.56423, 100.0, 0.0
18.76333, 19.14, 2.51189, 3.41455, 0.0
18.76333, 19.14, 3.41455, 4.64159, 34.89583
18.76333, 19.14, 4.64159, 6.30957, 76.85185
18.76333, 19.14, 6.30957, 8.57696, 80.69444
18.76333, 19.14, 8.57696, 11.65914, 94.58333
18.76333, 19.14, 11.65914, 15.84893, 94.86111
18.76333, 19.14, 15.84893, 21.54435, 61.85185
18.76333, 19.14, 21.54435, 29.28645, 46.5625
18.76333, 19.14, 29.28645, 39.81072, 27.29167
18.76333, 19.14, 39.81072, 54.11695, 0.0
18.76333, 19.14, 54.11695, 73.56423, 0.0
18.76333, 19.14, 73.56423, 100.0, Nan 
19.14, 19.51667, 2.51189, 3.41455, 13.88889
19.14, 19.51667, 3.41455, 4.64159, 46.81818
19.14, 19.51667, 4.64159, 6.30957, 89.30556
19.14, 19.51667, 6.30957, 8.57696, 91.66667
19.14, 19.51667, 8.57696, 11.65914, 91.04167
19.14, 19.51667, 11.65914, 15.84893, 94.30556
19.14, 19.51667, 15.84893, 21.54435, 47.43056
19.14, 19.51667, 21.54435, 29.28645, 55.85938
19.14, 19.51667, 29.28645, 39.81072, 18.14236
19.14, 19.51667, 39.81072, 54.11695, 0.0
19.14, 19.51667, 54.11695, 73.56423, 0.0
19.14, 19.51667, 73.56423, 100.0, 0.0
19.51667, 19.89333, 2.51189, 3.41455, 9.28571
19.51667, 19.89333, 3.41455, 4.64159, 46.70455
19.51667, 19.89333, 4.64159, 6.30957, 90.0
19.51667, 19.89333, 6.30957, 8.57696, 91.66667
19.51667, 19.89333, 8.57696, 11.65914, 92.5
19.51667, 19.89333, 11.65914, 15.84893, 83.90046
19.51667, 19.89333, 15.84893, 21.54435, 22.29167
19.51667, 19.89333, 21.54435, 29.28645, 0.0
19.51667, 19.89333, 29.28645, 39.81072, 4.51389
19.51667, 19.89333, 39.81072, 54.11695, 0.0
19.51667, 19.89333, 54.11695, 73.56423, 0.0
19.51667, 19.89333, 73.56423, 100.0, Nan 
19.89333, 20.27, 2.51189, 3.41455, 25.44444
19.89333, 20.27, 3.41455, 4.64159, 67.36111
19.89333, 20.27, 4.64159, 6.30957, 87.5
19.89333, 20.27, 6.30957, 8.57696, 87.36111
19.89333, 20.27, 8.57696, 11.65914, 77.47396
19.89333, 20.27, 11.65914, 15.84893, 73.33333
19.89333, 20.27, 15.84893, 21.54435, 25.75758
19.89333, 20.27, 21.54435, 29.28645, 3.50962
19.89333, 20.27, 29.28645, 39.81072, 0.0
19.89333, 20.27, 39.81072, 54.11695, 0.0
19.89333, 20.27, 54.11695, 73.56423, 0.0
19.89333, 20.27, 73.56423, 100.0, Nan 
20.27, 20.64667, 2.51189, 3.41455, 22.27778
20.27, 20.64667, 3.41455, 4.64159, 57.1875
20.27, 20.64667, 4.64159, 6.30957, 67.24537
20.27, 20.64667, 6.30957, 8.57696, 82.36111
20.27, 20.64667, 8.57696, 11.65914, 64.93056
20.27, 20.64667, 11.65914, 15.84893, 34.30556
20.27, 20.64667, 15.84893, 21.54435, 5.77381
20.27, 20.64667, 21.54435, 29.28645, 0.0
20.27, 20.64667, 29.28645, 39.81072, 0.0
20.27, 20.64667, 39.81072, 54.11695, 0.0
20.27, 20.64667, 54.11695, 73.56423, 0.0
20.27, 20.64667, 73.56423, 100.0, Nan 
20.64667, 21.02333, 2.51189, 3.41455, 29.91667
20.64667, 21.02333, 3.41455, 4.64159, 46.875
20.64667, 21.02333, 4.64159, 6.30957, 67.36111
20.64667, 21.02333, 6.30957, 8.57696, 38.0
20.64667, 21.02333, 8.57696, 11.65914, 47.39583
20.64667, 21.02333, 11.65914, 15.84893, 0.0
20.64667, 21.02333, 15.84893, 21.54435, 0.0
20.64667, 21.02333, 21.54435, 29.28645, 0.0
20.64667, 21.02333, 29.28645, 39.81072, 0.0
20.64667, 21.02333, 39.81072, 54.11695, Nan 
20.64667, 21.02333, 54.11695, 73.56423, Nan 
20.64667, 21.02333, 73.56423, 100.0, Nan 
21.02333, 21.4, 2.51189, 3.41455, 33.33333
21.02333, 21.4, 3.41455, 4.64159, 29.72222
21.02333, 21.4, 4.64159, 6.30957, Nan 
21.02333, 21.4, 6.30957, 8.57696, 34.86111
21.02333, 21.4, 8.57696, 11.65914, 0.0
21.02333, 21.4, 11.65914, 15.84893, Nan 
21.02333, 21.4, 15.84893, 21.54435, Nan 
21.02333, 21.4, 21.54435, 29.28645, 0.0
21.02333, 21.4, 29.28645, 39.81072, 0.0
21.02333, 21.4, 39.81072, 54.11695, Nan 
21.02333, 21.4, 54.11695, 73.56423, Nan 
21.02333, 21.4, 73.56423, 100.0, Nan 
