mag_low, mag_high, arc_down, arc_up, eff
15.75, 16.12667, 2.51189, 3.41455, 0.0
15.75, 16.12667, 3.41455, 4.64159, Nan 
15.75, 16.12667, 4.64159, 6.30957, Nan 
15.75, 16.12667, 6.30957, 8.57696, Nan 
15.75, 16.12667, 8.57696, 11.65914, Nan 
15.75, 16.12667, 11.65914, 15.84893, 47.68519
15.75, 16.12667, 15.84893, 21.54435, 47.90123
15.75, 16.12667, 21.54435, 29.28645, Nan 
15.75, 16.12667, 29.28645, 39.81072, 96.14198
15.75, 16.12667, 39.81072, 54.11695, 97.22222
15.75, 16.12667, 54.11695, 73.56423, Nan 
15.75, 16.12667, 73.56423, 100.0, Nan 
16.12667, 16.50333, 2.51189, 3.41455, Nan 
16.12667, 16.50333, 3.41455, 4.64159, 0.0
16.12667, 16.50333, 4.64159, 6.30957, Nan 
16.12667, 16.50333, 6.30957, 8.57696, 0.0
16.12667, 16.50333, 8.57696, 11.65914, 11.93287
16.12667, 16.50333, 11.65914, 15.84893, 41.0582
16.12667, 16.50333, 15.84893, 21.54435, 63.90947
16.12667, 16.50333, 21.54435, 29.28645, 95.92593
16.12667, 16.50333, 29.28645, 39.81072, 97.22222
16.12667, 16.50333, 39.81072, 54.11695, 64.81481
16.12667, 16.50333, 54.11695, 73.56423, 63.58025
16.12667, 16.50333, 73.56423, 100.0, 39.1358
16.50333, 16.88, 2.51189, 3.41455, 0.0
16.50333, 16.88, 3.41455, 4.64159, 0.0
16.50333, 16.88, 4.64159, 6.30957, Nan 
16.50333, 16.88, 6.30957, 8.57696, 0.0
16.50333, 16.88, 8.57696, 11.65914, 27.43386
16.50333, 16.88, 11.65914, 15.84893, 54.46208
16.50333, 16.88, 15.84893, 21.54435, 96.23457
16.50333, 16.88, 21.54435, 29.28645, 95.74074
16.50333, 16.88, 29.28645, 39.81072, 97.37654
16.50333, 16.88, 39.81072, 54.11695, 95.83333
16.50333, 16.88, 54.11695, 73.56423, 72.39583
16.50333, 16.88, 73.56423, 100.0, 0.0
16.88, 17.25667, 2.51189, 3.41455, 0.0
16.88, 17.25667, 3.41455, 4.64159, 0.0
16.88, 17.25667, 4.64159, 6.30957, Nan 
16.88, 17.25667, 6.30957, 8.57696, 23.81173
16.88, 17.25667, 8.57696, 11.65914, 68.45238
16.88, 17.25667, 11.65914, 15.84893, 95.18519
16.88, 17.25667, 15.84893, 21.54435, 95.4321
16.88, 17.25667, 21.54435, 29.28645, 95.74074
16.88, 17.25667, 29.28645, 39.81072, 95.98765
16.88, 17.25667, 39.81072, 54.11695, 77.28395
16.88, 17.25667, 54.11695, 73.56423, 80.82562
16.88, 17.25667, 73.56423, 100.0, 31.68724
17.25667, 17.63333, 2.51189, 3.41455, 0.0
17.25667, 17.63333, 3.41455, 4.64159, 0.0
17.25667, 17.63333, 4.64159, 6.30957, 8.32772
17.25667, 17.63333, 6.30957, 8.57696, 0.0
17.25667, 17.63333, 8.57696, 11.65914, 79.16667
17.25667, 17.63333, 11.65914, 15.84893, 95.0
17.25667, 17.63333, 15.84893, 21.54435, 94.75309
17.25667, 17.63333, 21.54435, 29.28645, 95.74074
17.25667, 17.63333, 29.28645, 39.81072, 96.2963
17.25667, 17.63333, 39.81072, 54.11695, 48.37963
17.25667, 17.63333, 54.11695, 73.56423, 13.78968
17.25667, 17.63333, 73.56423, 100.0, 0.0
17.63333, 18.01, 2.51189, 3.41455, 0.0
17.63333, 18.01, 3.41455, 4.64159, 0.0
17.63333, 18.01, 4.64159, 6.30957, 15.57613
17.63333, 18.01, 6.30957, 8.57696, 79.26955
17.63333, 18.01, 8.57696, 11.65914, 83.04398
17.63333, 18.01, 11.65914, 15.84893, 96.41975
17.63333, 18.01, 15.84893, 21.54435, 95.18519
17.63333, 18.01, 21.54435, 29.28645, 95.46296
17.63333, 18.01, 29.28645, 39.81072, 48.07099
17.63333, 18.01, 39.81072, 54.11695, 40.74074
17.63333, 18.01, 54.11695, 73.56423, 0.0
17.63333, 18.01, 73.56423, 100.0, 0.0
18.01, 18.38667, 2.51189, 3.41455, 0.0
18.01, 18.38667, 3.41455, 4.64159, 0.0
18.01, 18.38667, 4.64159, 6.30957, 0.0
18.01, 18.38667, 6.30957, 8.57696, 93.95062
18.01, 18.38667, 8.57696, 11.65914, 95.18519
18.01, 18.38667, 11.65914, 15.84893, 71.75926
18.01, 18.38667, 15.84893, 21.54435, 71.11111
18.01, 18.38667, 21.54435, 29.28645, 75.85185
18.01, 18.38667, 29.28645, 39.81072, 77.16049
18.01, 18.38667, 39.81072, 54.11695, 10.69959
18.01, 18.38667, 54.11695, 73.56423, 0.0
18.01, 18.38667, 73.56423, 100.0, 0.0
18.38667, 18.76333, 2.51189, 3.41455, 0.0
18.38667, 18.76333, 3.41455, 4.64159, 41.2037
18.38667, 18.76333, 4.64159, 6.30957, 52.09877
18.38667, 18.76333, 6.30957, 8.57696, 82.96296
18.38667, 18.76333, 8.57696, 11.65914, 94.25926
18.38667, 18.76333, 11.65914, 15.84893, 79.47531
18.38667, 18.76333, 15.84893, 21.54435, 83.01698
18.38667, 18.76333, 21.54435, 29.28645, 80.54131
18.38667, 18.76333, 29.28645, 39.81072, 57.68519
18.38667, 18.76333, 39.81072, 54.11695, 0.0
18.38667, 18.76333, 54.11695, 73.56423, 0.0
18.38667, 18.76333, 73.56423, 100.0, 0.0
18.76333, 19.14, 2.51189, 3.41455, 0.0
18.76333, 19.14, 3.41455, 4.64159, 35.1466
18.76333, 19.14, 4.64159, 6.30957, 78.08642
18.76333, 19.14, 6.30957, 8.57696, 81.45062
18.76333, 19.14, 8.57696, 11.65914, 94.16667
18.76333, 19.14, 11.65914, 15.84893, 94.25926
18.76333, 19.14, 15.84893, 21.54435, 62.7572
18.76333, 19.14, 21.54435, 29.28645, 46.94444
18.76333, 19.14, 29.28645, 39.81072, 28.42593
18.76333, 19.14, 39.81072, 54.11695, 0.0
18.76333, 19.14, 54.11695, 73.56423, 0.0
18.76333, 19.14, 73.56423, 100.0, Nan 
19.14, 19.51667, 2.51189, 3.41455, 11.7037
19.14, 19.51667, 3.41455, 4.64159, 46.16162
19.14, 19.51667, 4.64159, 6.30957, 91.79012
19.14, 19.51667, 6.30957, 8.57696, 93.58025
19.14, 19.51667, 8.57696, 11.65914, 95.18519
19.14, 19.51667, 11.65914, 15.84893, 95.24691
19.14, 19.51667, 15.84893, 21.54435, 46.88272
19.14, 19.51667, 21.54435, 29.28645, 58.21759
19.14, 19.51667, 29.28645, 39.81072, 21.75926
19.14, 19.51667, 39.81072, 54.11695, 0.0
19.14, 19.51667, 54.11695, 73.56423, 0.0
19.14, 19.51667, 73.56423, 100.0, 0.0
19.51667, 19.89333, 2.51189, 3.41455, 8.5097
19.51667, 19.89333, 3.41455, 4.64159, 46.26263
19.51667, 19.89333, 4.64159, 6.30957, 90.4321
19.51667, 19.89333, 6.30957, 8.57696, 94.62963
19.51667, 19.89333, 8.57696, 11.65914, 94.53704
19.51667, 19.89333, 11.65914, 15.84893, 86.06481
19.51667, 19.89333, 15.84893, 21.54435, 23.20988
19.51667, 19.89333, 21.54435, 29.28645, 0.0
19.51667, 19.89333, 29.28645, 39.81072, 6.61866
19.51667, 19.89333, 39.81072, 54.11695, 0.0
19.51667, 19.89333, 54.11695, 73.56423, 0.0
19.51667, 19.89333, 73.56423, 100.0, Nan 
19.89333, 20.27, 2.51189, 3.41455, 23.77778
19.89333, 20.27, 3.41455, 4.64159, 67.05247
19.89333, 20.27, 4.64159, 6.30957, 90.74074
19.89333, 20.27, 6.30957, 8.57696, 94.01235
19.89333, 20.27, 8.57696, 11.65914, 80.61343
19.89333, 20.27, 11.65914, 15.84893, 78.81766
19.89333, 20.27, 15.84893, 21.54435, 30.99888
19.89333, 20.27, 21.54435, 29.28645, 4.66524
19.89333, 20.27, 29.28645, 39.81072, 0.0
19.89333, 20.27, 39.81072, 54.11695, 0.0
19.89333, 20.27, 54.11695, 73.56423, 0.0
19.89333, 20.27, 73.56423, 100.0, Nan 
20.27, 20.64667, 2.51189, 3.41455, 21.08642
20.27, 20.64667, 3.41455, 4.64159, 58.95833
20.27, 20.64667, 4.64159, 6.30957, 72.53086
20.27, 20.64667, 6.30957, 8.57696, 89.75309
20.27, 20.64667, 8.57696, 11.65914, 73.84259
20.27, 20.64667, 11.65914, 15.84893, 41.23457
20.27, 20.64667, 15.84893, 21.54435, 8.62434
20.27, 20.64667, 21.54435, 29.28645, 0.0
20.27, 20.64667, 29.28645, 39.81072, 0.0
20.27, 20.64667, 39.81072, 54.11695, 0.0
20.27, 20.64667, 54.11695, 73.56423, 0.0
20.27, 20.64667, 73.56423, 100.0, Nan 
20.64667, 21.02333, 2.51189, 3.41455, 28.11111
20.64667, 21.02333, 3.41455, 4.64159, 49.73545
20.64667, 21.02333, 4.64159, 6.30957, 79.87654
20.64667, 21.02333, 6.30957, 8.57696, 44.81481
20.64667, 21.02333, 8.57696, 11.65914, 57.25309
20.64667, 21.02333, 11.65914, 15.84893, 0.0
20.64667, 21.02333, 15.84893, 21.54435, 0.0
20.64667, 21.02333, 21.54435, 29.28645, 0.0
20.64667, 21.02333, 29.28645, 39.81072, 0.0
20.64667, 21.02333, 39.81072, 54.11695, Nan 
20.64667, 21.02333, 54.11695, 73.56423, Nan 
20.64667, 21.02333, 73.56423, 100.0, Nan 
21.02333, 21.4, 2.51189, 3.41455, 34.01235
21.02333, 21.4, 3.41455, 4.64159, 36.97531
21.02333, 21.4, 4.64159, 6.30957, Nan 
21.02333, 21.4, 6.30957, 8.57696, 50.06173
21.02333, 21.4, 8.57696, 11.65914, 0.0
21.02333, 21.4, 11.65914, 15.84893, Nan 
21.02333, 21.4, 15.84893, 21.54435, Nan 
21.02333, 21.4, 21.54435, 29.28645, 0.0
21.02333, 21.4, 29.28645, 39.81072, 0.0
21.02333, 21.4, 39.81072, 54.11695, Nan 
21.02333, 21.4, 54.11695, 73.56423, Nan 
21.02333, 21.4, 73.56423, 100.0, Nan 
