mag_low, mag_high, arc_down, arc_up, eff
15.75, 16.12667, 2.51189, 3.41455, 0.0
15.75, 16.12667, 3.41455, 4.64159, Nan 
15.75, 16.12667, 4.64159, 6.30957, Nan 
15.75, 16.12667, 6.30957, 8.57696, Nan 
15.75, 16.12667, 8.57696, 11.65914, Nan 
15.75, 16.12667, 11.65914, 15.84893, 48.125
15.75, 16.12667, 15.84893, 21.54435, 47.91667
15.75, 16.12667, 21.54435, 29.28645, Nan 
15.75, 16.12667, 29.28645, 39.81072, 98.26389
15.75, 16.12667, 39.81072, 54.11695, 97.91667
15.75, 16.12667, 54.11695, 73.56423, Nan 
15.75, 16.12667, 73.56423, 100.0, Nan 
16.12667, 16.50333, 2.51189, 3.41455, Nan 
16.12667, 16.50333, 3.41455, 4.64159, 0.0
16.12667, 16.50333, 4.64159, 6.30957, Nan 
16.12667, 16.50333, 6.30957, 8.57696, 0.0
16.12667, 16.50333, 8.57696, 11.65914, 11.90104
16.12667, 16.50333, 11.65914, 15.84893, 40.0
16.12667, 16.50333, 15.84893, 21.54435, 63.7037
16.12667, 16.50333, 21.54435, 29.28645, 97.5
16.12667, 16.50333, 29.28645, 39.81072, 96.875
16.12667, 16.50333, 39.81072, 54.11695, 65.0463
16.12667, 16.50333, 54.11695, 73.56423, 65.97222
16.12667, 16.50333, 73.56423, 100.0, 39.72222
16.50333, 16.88, 2.51189, 3.41455, 0.0
16.50333, 16.88, 3.41455, 4.64159, 0.0
16.50333, 16.88, 4.64159, 6.30957, Nan 
16.50333, 16.88, 6.30957, 8.57696, 0.0
16.50333, 16.88, 8.57696, 11.65914, 27.14286
16.50333, 16.88, 11.65914, 15.84893, 53.1746
16.50333, 16.88, 15.84893, 21.54435, 94.86111
16.50333, 16.88, 21.54435, 29.28645, 96.45833
16.50333, 16.88, 29.28645, 39.81072, 95.48611
16.50333, 16.88, 39.81072, 54.11695, 98.61111
16.50333, 16.88, 54.11695, 73.56423, 73.4375
16.50333, 16.88, 73.56423, 100.0, 0.0
16.88, 17.25667, 2.51189, 3.41455, 0.0
16.88, 17.25667, 3.41455, 4.64159, 0.0
16.88, 17.25667, 4.64159, 6.30957, Nan 
16.88, 17.25667, 6.30957, 8.57696, 22.77778
16.88, 17.25667, 8.57696, 11.65914, 65.92262
16.88, 17.25667, 11.65914, 15.84893, 94.58333
16.88, 17.25667, 15.84893, 21.54435, 94.72222
16.88, 17.25667, 21.54435, 29.28645, 95.41667
16.88, 17.25667, 29.28645, 39.81072, 95.48611
16.88, 17.25667, 39.81072, 54.11695, 78.05556
16.88, 17.25667, 54.11695, 73.56423, 79.86111
16.88, 17.25667, 73.56423, 100.0, 30.09259
17.25667, 17.63333, 2.51189, 3.41455, 0.0
17.25667, 17.63333, 3.41455, 4.64159, 0.0
17.25667, 17.63333, 4.64159, 6.30957, 8.08081
17.25667, 17.63333, 6.30957, 8.57696, 0.0
17.25667, 17.63333, 8.57696, 11.65914, 76.73611
17.25667, 17.63333, 11.65914, 15.84893, 93.88889
17.25667, 17.63333, 15.84893, 21.54435, 93.47222
17.25667, 17.63333, 21.54435, 29.28645, 96.875
17.25667, 17.63333, 29.28645, 39.81072, 96.18056
17.25667, 17.63333, 39.81072, 54.11695, 48.4375
17.25667, 17.63333, 54.11695, 73.56423, 13.61607
17.25667, 17.63333, 73.56423, 100.0, 0.0
17.63333, 18.01, 2.51189, 3.41455, 0.0
17.63333, 18.01, 3.41455, 4.64159, 0.0
17.63333, 18.01, 4.64159, 6.30957, 14.67593
17.63333, 18.01, 6.30957, 8.57696, 76.50463
17.63333, 18.01, 8.57696, 11.65914, 80.20833
17.63333, 18.01, 11.65914, 15.84893, 93.88889
17.63333, 18.01, 15.84893, 21.54435, 93.61111
17.63333, 18.01, 21.54435, 29.28645, 94.58333
17.63333, 18.01, 29.28645, 39.81072, 47.04861
17.63333, 18.01, 39.81072, 54.11695, 40.77381
17.63333, 18.01, 54.11695, 73.56423, 0.0
17.63333, 18.01, 73.56423, 100.0, 0.0
18.01, 18.38667, 2.51189, 3.41455, 0.0
18.01, 18.38667, 3.41455, 4.64159, 0.0
18.01, 18.38667, 4.64159, 6.30957, 0.0
18.01, 18.38667, 6.30957, 8.57696, 94.16667
18.01, 18.38667, 8.57696, 11.65914, 90.41667
18.01, 18.38667, 11.65914, 15.84893, 70.0
18.01, 18.38667, 15.84893, 21.54435, 70.83333
18.01, 18.38667, 21.54435, 29.28645, 76.66667
18.01, 18.38667, 29.28645, 39.81072, 75.81019
18.01, 18.38667, 39.81072, 54.11695, 10.10802
18.01, 18.38667, 54.11695, 73.56423, 0.0
18.01, 18.38667, 73.56423, 100.0, 0.0
18.38667, 18.76333, 2.51189, 3.41455, 0.0
18.38667, 18.76333, 3.41455, 4.64159, 41.35417
18.38667, 18.76333, 4.64159, 6.30957, 50.71429
18.38667, 18.76333, 6.30957, 8.57696, 79.84375
18.38667, 18.76333, 8.57696, 11.65914, 91.66667
18.38667, 18.76333, 11.65914, 15.84893, 77.89352
18.38667, 18.76333, 15.84893, 21.54435, 81.54514
18.38667, 18.76333, 21.54435, 29.28645, 79.15064
18.38667, 18.76333, 29.28645, 39.81072, 53.95833
18.38667, 18.76333, 39.81072, 54.11695, 0.0
18.38667, 18.76333, 54.11695, 73.56423, 0.0
18.38667, 18.76333, 73.56423, 100.0, 0.0
18.76333, 19.14, 2.51189, 3.41455, 0.0
18.76333, 19.14, 3.41455, 4.64159, 33.42014
18.76333, 19.14, 4.64159, 6.30957, 73.95833
18.76333, 19.14, 6.30957, 8.57696, 78.26389
18.76333, 19.14, 8.57696, 11.65914, 89.58333
18.76333, 19.14, 11.65914, 15.84893, 92.5
18.76333, 19.14, 15.84893, 21.54435, 61.11111
18.76333, 19.14, 21.54435, 29.28645, 45.3125
18.76333, 19.14, 29.28645, 39.81072, 23.75
18.76333, 19.14, 39.81072, 54.11695, 0.0
18.76333, 19.14, 54.11695, 73.56423, 0.0
18.76333, 19.14, 73.56423, 100.0, Nan 
19.14, 19.51667, 2.51189, 3.41455, 12.75
19.14, 19.51667, 3.41455, 4.64159, 44.54545
19.14, 19.51667, 4.64159, 6.30957, 85.27778
19.14, 19.51667, 6.30957, 8.57696, 90.27778
19.14, 19.51667, 8.57696, 11.65914, 90.41667
19.14, 19.51667, 11.65914, 15.84893, 90.83333
19.14, 19.51667, 15.84893, 21.54435, 44.30556
19.14, 19.51667, 21.54435, 29.28645, 52.73438
19.14, 19.51667, 29.28645, 39.81072, 15.53819
19.14, 19.51667, 39.81072, 54.11695, 0.0
19.14, 19.51667, 54.11695, 73.56423, 0.0
19.14, 19.51667, 73.56423, 100.0, 0.0
19.51667, 19.89333, 2.51189, 3.41455, 8.57143
19.51667, 19.89333, 3.41455, 4.64159, 43.52273
19.51667, 19.89333, 4.64159, 6.30957, 86.38889
19.51667, 19.89333, 6.30957, 8.57696, 88.88889
19.51667, 19.89333, 8.57696, 11.65914, 86.45833
19.51667, 19.89333, 11.65914, 15.84893, 78.93519
19.51667, 19.89333, 15.84893, 21.54435, 20.34722
19.51667, 19.89333, 21.54435, 29.28645, 0.0
19.51667, 19.89333, 29.28645, 39.81072, 3.43364
19.51667, 19.89333, 39.81072, 54.11695, 0.0
19.51667, 19.89333, 54.11695, 73.56423, 0.0
19.51667, 19.89333, 73.56423, 100.0, Nan 
19.89333, 20.27, 2.51189, 3.41455, 24.05556
19.89333, 20.27, 3.41455, 4.64159, 64.58333
19.89333, 20.27, 4.64159, 6.30957, 82.08333
19.89333, 20.27, 6.30957, 8.57696, 84.02778
19.89333, 20.27, 8.57696, 11.65914, 73.28125
19.89333, 20.27, 11.65914, 15.84893, 64.87179
19.89333, 20.27, 15.84893, 21.54435, 21.61616
19.89333, 20.27, 21.54435, 29.28645, 2.58013
19.89333, 20.27, 29.28645, 39.81072, 0.0
19.89333, 20.27, 39.81072, 54.11695, 0.0
19.89333, 20.27, 54.11695, 73.56423, 0.0
19.89333, 20.27, 73.56423, 100.0, Nan 
20.27, 20.64667, 2.51189, 3.41455, 20.27778
20.27, 20.64667, 3.41455, 4.64159, 50.78125
20.27, 20.64667, 4.64159, 6.30957, 64.23611
20.27, 20.64667, 6.30957, 8.57696, 69.30556
20.27, 20.64667, 8.57696, 11.65914, 55.20833
20.27, 20.64667, 11.65914, 15.84893, 27.56944
20.27, 20.64667, 15.84893, 21.54435, 4.54365
20.27, 20.64667, 21.54435, 29.28645, 0.0
20.27, 20.64667, 29.28645, 39.81072, 0.0
20.27, 20.64667, 39.81072, 54.11695, 0.0
20.27, 20.64667, 54.11695, 73.56423, 0.0
20.27, 20.64667, 73.56423, 100.0, Nan 
20.64667, 21.02333, 2.51189, 3.41455, 25.25
20.64667, 21.02333, 3.41455, 4.64159, 41.07143
20.64667, 21.02333, 4.64159, 6.30957, 56.38889
20.64667, 21.02333, 6.30957, 8.57696, 30.5
20.64667, 21.02333, 8.57696, 11.65914, 35.9375
20.64667, 21.02333, 11.65914, 15.84893, 0.0
20.64667, 21.02333, 15.84893, 21.54435, 0.0
20.64667, 21.02333, 21.54435, 29.28645, 0.0
20.64667, 21.02333, 29.28645, 39.81072, 0.0
20.64667, 21.02333, 39.81072, 54.11695, Nan 
20.64667, 21.02333, 54.11695, 73.56423, Nan 
20.64667, 21.02333, 73.56423, 100.0, Nan 
21.02333, 21.4, 2.51189, 3.41455, 28.05556
21.02333, 21.4, 3.41455, 4.64159, 21.52778
21.02333, 21.4, 4.64159, 6.30957, Nan 
21.02333, 21.4, 6.30957, 8.57696, 27.63889
21.02333, 21.4, 8.57696, 11.65914, 0.0
21.02333, 21.4, 11.65914, 15.84893, Nan 
21.02333, 21.4, 15.84893, 21.54435, Nan 
21.02333, 21.4, 21.54435, 29.28645, 0.0
21.02333, 21.4, 29.28645, 39.81072, 0.0
21.02333, 21.4, 39.81072, 54.11695, Nan 
21.02333, 21.4, 54.11695, 73.56423, Nan 
21.02333, 21.4, 73.56423, 100.0, Nan 
