mag,rho,eff_rd
15.0,3.162,4.375
15.2,3.162,6.25
15.4,3.162,6.25
15.6,3.162,8.125
15.8,3.162,10.625
16.0,3.162,7.5
16.2,3.162,6.875
16.4,3.162,10.625
16.6,3.162,4.375
16.8,3.162,4.375
17.0,3.162,5.0
17.2,3.162,7.5
17.4,3.162,7.5
17.6,3.162,10.0
17.8,3.162,17.5
18.0,3.162,21.875
18.2,3.162,28.75
18.4,3.162,43.125
18.6,3.162,41.875
18.8,3.162,41.25
19.0,3.162,44.375
19.2,3.162,51.25
19.4,3.162,48.125
19.6,3.162,43.75
19.8,3.162,48.75
20.0,3.162,46.875
20.2,3.162,43.125
20.4,3.162,28.75
20.6,3.162,30.625
20.8,3.162,23.75
21.0,3.162,23.125
21.2,3.162,13.125
21.4,3.162,17.5
21.6,3.162,14.375
21.8,3.162,11.25
22.0,3.162,8.75
22.2,3.162,8.125
22.4,3.162,7.5
15.0,3.548,3.125
15.2,3.548,5.625
15.4,3.548,5.625
15.6,3.548,5.0
15.8,3.548,6.875
16.0,3.548,3.75
16.2,3.548,5.0
16.4,3.548,3.75
16.6,3.548,6.875
16.8,3.548,5.625
17.0,3.548,9.375
17.2,3.548,11.875
17.4,3.548,15.625
17.6,3.548,25.0
17.8,3.548,38.125
18.0,3.548,40.0
18.2,3.548,53.125
18.4,3.548,58.125
18.6,3.548,58.125
18.8,3.548,63.75
19.0,3.548,62.5
19.2,3.548,58.125
19.4,3.548,65.0
19.6,3.548,57.5
19.8,3.548,57.5
20.0,3.548,53.75
20.2,3.548,63.125
20.4,3.548,48.125
20.6,3.548,45.0
20.8,3.548,32.5
21.0,3.548,19.375
21.2,3.548,32.5
21.4,3.548,21.875
21.6,3.548,17.5
21.8,3.548,7.5
22.0,3.548,5.625
22.2,3.548,10.625
22.4,3.548,6.25
15.0,4.467,4.375
15.2,4.467,5.0
15.4,4.467,5.0
15.6,4.467,5.0
15.8,4.467,5.0
16.0,4.467,2.5
16.2,4.467,3.75
16.4,4.467,10.0
16.6,4.467,11.875
16.8,4.467,8.75
17.0,4.467,23.75
17.2,4.467,36.875
17.4,4.467,46.25
17.6,4.467,63.75
17.8,4.467,68.75
18.0,4.467,68.125
18.2,4.467,73.75
18.4,4.467,73.75
18.6,4.467,77.5
18.8,4.467,82.5
19.0,4.467,79.375
19.2,4.467,73.125
19.4,4.467,77.5
19.6,4.467,78.125
19.8,4.467,67.5
20.0,4.467,68.125
20.2,4.467,70.0
20.4,4.467,70.625
20.6,4.467,63.125
20.8,4.467,50.0
21.0,4.467,41.25
21.2,4.467,35.0
21.4,4.467,22.5
21.6,4.467,19.375
21.8,4.467,6.875
22.0,4.467,11.875
22.2,4.467,6.875
22.4,4.467,7.5
15.0,5.012,6.25
15.2,5.012,5.625
15.4,5.012,5.0
15.6,5.012,5.0
15.8,5.012,6.25
16.0,5.012,4.375
16.2,5.012,8.125
16.4,5.012,8.125
16.6,5.012,12.5
16.8,5.012,16.875
17.0,5.012,40.625
17.2,5.012,58.125
17.4,5.012,63.75
17.6,5.012,72.5
17.8,5.012,73.125
18.0,5.012,77.5
18.2,5.012,85.625
18.4,5.012,84.375
18.6,5.012,86.25
18.8,5.012,78.125
19.0,5.012,83.75
19.2,5.012,80.0
19.4,5.012,84.375
19.6,5.012,86.25
19.8,5.012,75.625
20.0,5.012,70.0
20.2,5.012,70.0
20.4,5.012,73.75
20.6,5.012,60.0
20.8,5.012,51.875
21.0,5.012,51.25
21.2,5.012,35.0
21.4,5.012,26.875
21.6,5.012,15.0
21.8,5.012,13.125
22.0,5.012,10.0
22.2,5.012,10.0
22.4,5.012,8.125
15.0,6.31,6.25
15.2,6.31,6.25
15.4,6.31,6.25
15.6,6.31,8.125
15.8,6.31,5.625
16.0,6.31,9.375
16.2,6.31,10.625
16.4,6.31,23.125
16.6,6.31,45.625
16.8,6.31,60.0
17.0,6.31,68.75
17.2,6.31,79.375
17.4,6.31,84.375
17.6,6.31,86.875
17.8,6.31,90.0
18.0,6.31,91.25
18.2,6.31,87.5
18.4,6.31,91.875
18.6,6.31,89.375
18.8,6.31,88.75
19.0,6.31,88.125
19.2,6.31,87.5
19.4,6.31,84.375
19.6,6.31,90.0
19.8,6.31,83.125
20.0,6.31,80.625
20.2,6.31,80.0
20.4,6.31,80.0
20.6,6.31,73.75
20.8,6.31,68.125
21.0,6.31,46.25
21.2,6.31,31.25
21.4,6.31,25.0
21.6,6.31,13.125
21.8,6.31,9.375
22.0,6.31,9.375
22.2,6.31,10.625
22.4,6.31,9.375
15.0,7.943,2.5
15.2,7.943,6.25
15.4,7.943,3.75
15.6,7.943,8.125
15.8,7.943,9.375
16.0,7.943,19.375
16.2,7.943,41.875
16.4,7.943,65.625
16.6,7.943,77.5
16.8,7.943,84.375
17.0,7.943,88.75
17.2,7.943,93.75
17.4,7.943,91.875
17.6,7.943,94.375
17.8,7.943,95.0
18.0,7.943,94.375
18.2,7.943,95.625
18.4,7.943,96.875
18.6,7.943,95.0
18.8,7.943,96.875
19.0,7.943,91.875
19.2,7.943,90.0
19.4,7.943,93.75
19.6,7.943,91.25
19.8,7.943,87.5
20.0,7.943,89.375
20.2,7.943,83.75
20.4,7.943,83.75
20.6,7.943,71.25
20.8,7.943,62.5
21.0,7.943,50.0
21.2,7.943,35.625
21.4,7.943,23.75
21.6,7.943,14.375
21.8,7.943,15.0
22.0,7.943,8.125
22.2,7.943,11.25
22.4,7.943,10.625
15.0,10.0,3.125
15.2,10.0,6.875
15.4,10.0,6.875
15.6,10.0,15.0
15.8,10.0,30.0
16.0,10.0,63.75
16.2,10.0,80.0
16.4,10.0,90.0
16.6,10.0,89.375
16.8,10.0,93.125
17.0,10.0,96.25
17.2,10.0,97.5
17.4,10.0,98.75
17.6,10.0,93.75
17.8,10.0,96.25
18.0,10.0,92.5
18.2,10.0,96.875
18.4,10.0,95.625
18.6,10.0,93.75
18.8,10.0,96.875
19.0,10.0,93.75
19.2,10.0,95.0
19.4,10.0,92.5
19.6,10.0,93.75
19.8,10.0,90.625
20.0,10.0,92.5
20.2,10.0,91.25
20.4,10.0,83.75
20.6,10.0,74.375
20.8,10.0,66.875
21.0,10.0,55.625
21.2,10.0,30.625
21.4,10.0,18.75
21.6,10.0,10.0
21.8,10.0,13.75
22.0,10.0,6.25
22.2,10.0,8.125
22.4,10.0,7.5
15.0,12.589,3.75
15.2,12.589,9.375
15.4,12.589,21.25
15.6,12.589,35.0
15.8,12.589,73.75
16.0,12.589,89.375
16.2,12.589,90.625
16.4,12.589,95.0
16.6,12.589,96.875
16.8,12.589,95.625
17.0,12.589,93.125
17.2,12.589,94.375
17.4,12.589,96.25
17.6,12.589,94.375
17.8,12.589,97.5
18.0,12.589,93.125
18.2,12.589,93.125
18.4,12.589,97.5
18.6,12.589,96.875
18.8,12.589,95.0
19.0,12.589,95.625
19.2,12.589,93.75
19.4,12.589,95.0
19.6,12.589,93.125
19.8,12.589,90.625
20.0,12.589,89.375
20.2,12.589,85.625
20.4,12.589,87.5
20.6,12.589,76.875
20.8,12.589,63.125
21.0,12.589,41.875
21.2,12.589,33.75
21.4,12.589,20.0
21.6,12.589,10.625
21.8,12.589,11.875
22.0,12.589,5.625
22.2,12.589,8.125
22.4,12.589,10.625
15.0,17.783,16.25
15.2,17.783,31.875
15.4,17.783,72.5
15.6,17.783,92.5
15.8,17.783,95.0
16.0,17.783,96.25
16.2,17.783,96.25
16.4,17.783,97.5
16.6,17.783,95.0
16.8,17.783,97.5
17.0,17.783,93.75
17.2,17.783,96.875
17.4,17.783,94.375
17.6,17.783,95.625
17.8,17.783,95.625
18.0,17.783,95.625
18.2,17.783,95.625
18.4,17.783,95.625
18.6,17.783,96.25
18.8,17.783,96.25
19.0,17.783,96.25
19.2,17.783,95.0
19.4,17.783,91.875
19.6,17.783,92.5
19.8,17.783,95.0
20.0,17.783,92.5
20.2,17.783,93.75
20.4,17.783,83.75
20.6,17.783,70.625
20.8,17.783,58.125
21.0,17.783,46.875
21.2,17.783,24.375
21.4,17.783,22.5
21.6,17.783,16.875
21.8,17.783,12.5
22.0,17.783,8.125
22.2,17.783,3.125
22.4,17.783,6.25
15.0,25.119,81.875
15.2,25.119,87.5
15.4,25.119,94.375
15.6,25.119,95.0
15.8,25.119,97.5
16.0,25.119,93.75
16.2,25.119,94.375
16.4,25.119,95.0
16.6,25.119,96.875
16.8,25.119,97.5
17.0,25.119,96.875
17.2,25.119,96.875
17.4,25.119,98.125
17.6,25.119,93.125
17.8,25.119,96.875
18.0,25.119,95.625
18.2,25.119,94.375
18.4,25.119,95.625
18.6,25.119,96.875
18.8,25.119,93.75
19.0,25.119,98.125
19.2,25.119,97.5
19.4,25.119,96.25
19.6,25.119,92.5
19.8,25.119,95.0
20.0,25.119,92.5
20.2,25.119,90.625
20.4,25.119,85.625
20.6,25.119,71.25
20.8,25.119,60.625
21.0,25.119,43.125
21.2,25.119,28.75
21.4,25.119,20.0
21.6,25.119,15.625
21.8,25.119,7.5
22.0,25.119,6.25
22.2,25.119,10.0
22.4,25.119,5.0
15.0,39.811,93.125
15.2,39.811,96.875
15.4,39.811,99.375
15.6,39.811,93.75
15.8,39.811,97.5
16.0,39.811,96.25
16.2,39.811,93.75
16.4,39.811,95.625
16.6,39.811,96.25
16.8,39.811,96.25
17.0,39.811,96.875
17.2,39.811,97.5
17.4,39.811,93.75
17.6,39.811,96.875
17.8,39.811,95.625
18.0,39.811,96.25
18.2,39.811,95.625
18.4,39.811,97.5
18.6,39.811,96.25
18.8,39.811,96.875
19.0,39.811,95.625
19.2,39.811,95.0
19.4,39.811,93.125
19.6,39.811,95.625
19.8,39.811,93.125
20.0,39.811,90.625
20.2,39.811,87.5
20.4,39.811,75.0
20.6,39.811,66.875
20.8,39.811,58.125
21.0,39.811,35.0
21.2,39.811,25.625
21.4,39.811,20.0
21.6,39.811,10.0
21.8,39.811,10.625
22.0,39.811,6.875
22.2,39.811,5.625
22.4,39.811,7.5
15.0,56.234,96.25
15.2,56.234,97.5
15.4,56.234,99.375
15.6,56.234,96.875
15.8,56.234,98.125
16.0,56.234,94.375
16.2,56.234,95.0
16.4,56.234,96.875
16.6,56.234,97.5
16.8,56.234,98.125
17.0,56.234,96.25
17.2,56.234,96.25
17.4,56.234,93.75
17.6,56.234,97.5
17.8,56.234,97.5
18.0,56.234,96.25
18.2,56.234,96.875
18.4,56.234,96.875
18.6,56.234,97.5
18.8,56.234,95.0
19.0,56.234,95.625
19.2,56.234,97.5
19.4,56.234,94.375
19.6,56.234,93.75
19.8,56.234,95.625
20.0,56.234,91.875
20.2,56.234,89.375
20.4,56.234,78.75
20.6,56.234,70.625
20.8,56.234,55.0
21.0,56.234,28.125
21.2,56.234,28.125
21.4,56.234,18.125
21.6,56.234,13.125
21.8,56.234,7.5
22.0,56.234,6.875
22.2,56.234,7.5
22.4,56.234,6.875
15.0,100.0,96.875
15.2,100.0,95.0
15.4,100.0,96.25
15.6,100.0,99.375
15.8,100.0,96.25
16.0,100.0,96.25
16.2,100.0,97.5
16.4,100.0,95.625
16.6,100.0,96.25
16.8,100.0,96.25
17.0,100.0,95.625
17.2,100.0,97.5
17.4,100.0,95.625
17.6,100.0,96.875
17.8,100.0,96.875
18.0,100.0,96.25
18.2,100.0,98.125
18.4,100.0,99.375
18.6,100.0,96.25
18.8,100.0,96.875
19.0,100.0,94.375
19.2,100.0,95.0
19.4,100.0,98.75
19.6,100.0,91.875
19.8,100.0,87.5
20.0,100.0,93.125
20.2,100.0,86.875
20.4,100.0,78.75
20.6,100.0,58.75
20.8,100.0,41.875
21.0,100.0,31.25
21.2,100.0,20.625
21.4,100.0,18.125
21.6,100.0,9.375
21.8,100.0,10.625
22.0,100.0,6.25
22.2,100.0,7.5
22.4,100.0,7.5
15.0,177.828,94.375
15.2,177.828,98.125
15.4,177.828,95.625
15.6,177.828,97.5
15.8,177.828,96.25
16.0,177.828,98.125
16.2,177.828,98.125
16.4,177.828,97.5
16.6,177.828,98.125
16.8,177.828,94.375
17.0,177.828,97.5
17.2,177.828,92.5
17.4,177.828,95.625
17.6,177.828,98.125
17.8,177.828,94.375
18.0,177.828,96.25
18.2,177.828,98.125
18.4,177.828,95.625
18.6,177.828,96.875
18.8,177.828,95.625
19.0,177.828,95.0
19.2,177.828,96.875
19.4,177.828,97.5
19.6,177.828,96.875
19.8,177.828,94.375
20.0,177.828,91.25
20.2,177.828,86.875
20.4,177.828,65.625
20.6,177.828,50.0
20.8,177.828,39.375
21.0,177.828,23.125
21.2,177.828,16.25
21.4,177.828,11.25
21.6,177.828,15.0
21.8,177.828,5.0
22.0,177.828,11.25
22.2,177.828,5.625
22.4,177.828,5.625
15.0,316.228,95.625
15.2,316.228,98.75
15.4,316.228,95.0
15.6,316.228,96.875
15.8,316.228,97.5
16.0,316.228,97.5
16.2,316.228,95.625
16.4,316.228,95.0
16.6,316.228,95.625
16.8,316.228,96.25
17.0,316.228,95.625
17.2,316.228,96.25
17.4,316.228,98.75
17.6,316.228,97.5
17.8,316.228,96.875
18.0,316.228,98.125
18.2,316.228,97.5
18.4,316.228,95.0
18.6,316.228,94.375
18.8,316.228,94.375
19.0,316.228,96.25
19.2,316.228,96.25
19.4,316.228,92.5
19.6,316.228,92.5
19.8,316.228,94.375
20.0,316.228,88.75
20.2,316.228,78.75
20.4,316.228,65.0
20.6,316.228,48.125
20.8,316.228,28.75
21.0,316.228,15.625
21.2,316.228,14.375
21.4,316.228,15.625
21.6,316.228,6.875
21.8,316.228,6.25
22.0,316.228,5.625
22.2,316.228,5.0
22.4,316.228,6.25
15.0,630.957,96.25
15.2,630.957,98.125
15.4,630.957,98.75
15.6,630.957,97.5
15.8,630.957,98.125
16.0,630.957,95.625
16.2,630.957,98.125
16.4,630.957,97.5
16.6,630.957,98.75
16.8,630.957,97.5
17.0,630.957,95.625
17.2,630.957,98.75
17.4,630.957,98.125
17.6,630.957,94.375
17.8,630.957,95.625
18.0,630.957,96.875
18.2,630.957,97.5
18.4,630.957,96.875
18.6,630.957,95.625
18.8,630.957,98.125
19.0,630.957,95.0
19.2,630.957,97.5
19.4,630.957,96.875
19.6,630.957,96.875
19.8,630.957,92.5
20.0,630.957,87.5
20.2,630.957,73.125
20.4,630.957,48.75
20.6,630.957,26.25
20.8,630.957,19.375
21.0,630.957,16.25
21.2,630.957,20.625
21.4,630.957,10.0
21.6,630.957,10.625
21.8,630.957,11.875
22.0,630.957,8.125
22.2,630.957,11.875
22.4,630.957,5.0
15.0,1412.538,97.5
15.2,1412.538,94.375
15.4,1412.538,95.625
15.6,1412.538,97.5
15.8,1412.538,98.125
16.0,1412.538,97.5
16.2,1412.538,98.75
16.4,1412.538,95.625
16.6,1412.538,96.875
16.8,1412.538,96.875
17.0,1412.538,97.5
17.2,1412.538,96.25
17.4,1412.538,97.5
17.6,1412.538,98.75
17.8,1412.538,95.625
18.0,1412.538,96.25
18.2,1412.538,95.625
18.4,1412.538,95.0
18.6,1412.538,95.625
18.8,1412.538,94.375
19.0,1412.538,97.5
19.2,1412.538,93.125
19.4,1412.538,96.25
19.6,1412.538,93.125
19.8,1412.538,85.625
20.0,1412.538,76.875
20.2,1412.538,58.75
20.4,1412.538,50.0
20.6,1412.538,25.625
20.8,1412.538,20.625
21.0,1412.538,12.5
21.2,1412.538,8.75
21.4,1412.538,10.625
21.6,1412.538,5.0
21.8,1412.538,6.25
22.0,1412.538,7.5
22.2,1412.538,7.5
22.4,1412.538,9.375
15.0,3548.134,98.125
15.2,3548.134,98.125
15.4,3548.134,97.5
15.6,3548.134,97.5
15.8,3548.134,96.25
16.0,3548.134,96.875
16.2,3548.134,99.375
16.4,3548.134,98.125
16.6,3548.134,96.875
16.8,3548.134,98.125
17.0,3548.134,98.125
17.2,3548.134,96.875
17.4,3548.134,98.75
17.6,3548.134,98.75
17.8,3548.134,97.5
18.0,3548.134,96.875
18.2,3548.134,94.375
18.4,3548.134,96.25
18.6,3548.134,96.25
18.8,3548.134,96.875
19.0,3548.134,91.875
19.2,3548.134,95.0
19.4,3548.134,92.5
19.6,3548.134,92.5
19.8,3548.134,85.625
20.0,3548.134,65.0
20.2,3548.134,43.125
20.4,3548.134,27.5
20.6,3548.134,20.625
20.8,3548.134,21.25
21.0,3548.134,13.125
21.2,3548.134,5.625
21.4,3548.134,9.375
21.6,3548.134,10.0
21.8,3548.134,6.875
22.0,3548.134,6.875
22.2,3548.134,7.5
22.4,3548.134,8.75
15.0,8912.509,95.625
15.2,8912.509,98.75
15.4,8912.509,96.875
15.6,8912.509,98.75
15.8,8912.509,96.875
16.0,8912.509,95.625
16.2,8912.509,98.125
16.4,8912.509,95.0
16.6,8912.509,99.375
16.8,8912.509,99.375
17.0,8912.509,96.875
17.2,8912.509,98.125
17.4,8912.509,98.125
17.6,8912.509,98.75
17.8,8912.509,95.0
18.0,8912.509,98.125
18.2,8912.509,94.375
18.4,8912.509,98.125
18.6,8912.509,95.625
18.8,8912.509,95.0
19.0,8912.509,95.625
19.2,8912.509,96.25
19.4,8912.509,92.5
19.6,8912.509,90.0
19.8,8912.509,68.125
20.0,8912.509,60.625
20.2,8912.509,39.375
20.4,8912.509,30.0
20.6,8912.509,20.625
20.8,8912.509,12.5
21.0,8912.509,13.125
21.2,8912.509,9.375
21.4,8912.509,7.5
21.6,8912.509,4.375
21.8,8912.509,8.75
22.0,8912.509,5.625
22.2,8912.509,5.625
22.4,8912.509,5.0
15.0,28183.829,99.375
15.2,28183.829,96.875
15.4,28183.829,96.875
15.6,28183.829,95.625
15.8,28183.829,99.375
16.0,28183.829,96.875
16.2,28183.829,98.75
16.4,28183.829,96.875
16.6,28183.829,98.75
16.8,28183.829,96.875
17.0,28183.829,98.125
17.2,28183.829,96.875
17.4,28183.829,98.75
17.6,28183.829,99.375
17.8,28183.829,96.25
18.0,28183.829,98.75
18.2,28183.829,97.5
18.4,28183.829,95.625
18.6,28183.829,97.5
18.8,28183.829,97.5
19.0,28183.829,94.375
19.2,28183.829,96.875
19.4,28183.829,91.25
19.6,28183.829,78.75
19.8,28183.829,57.5
20.0,28183.829,35.625
20.2,28183.829,30.625
20.4,28183.829,21.875
20.6,28183.829,12.5
20.8,28183.829,10.0
21.0,28183.829,8.75
21.2,28183.829,7.5
21.4,28183.829,5.625
21.6,28183.829,12.5
21.8,28183.829,7.5
22.0,28183.829,6.25
22.2,28183.829,8.75
22.4,28183.829,5.0
15.0,100000.0,95.625
15.2,100000.0,96.875
15.4,100000.0,93.125
15.6,100000.0,98.125
15.8,100000.0,96.25
16.0,100000.0,97.5
16.2,100000.0,98.75
16.4,100000.0,98.125
16.6,100000.0,95.625
16.8,100000.0,96.25
17.0,100000.0,98.75
17.2,100000.0,94.375
17.4,100000.0,99.375
17.6,100000.0,96.875
17.8,100000.0,96.875
18.0,100000.0,96.875
18.2,100000.0,97.5
18.4,100000.0,97.5
18.6,100000.0,95.625
18.8,100000.0,93.125
19.0,100000.0,95.0
19.2,100000.0,86.875
19.4,100000.0,75.625
19.6,100000.0,58.75
19.8,100000.0,39.375
20.0,100000.0,22.5
20.2,100000.0,22.5
20.4,100000.0,13.125
20.6,100000.0,11.25
20.8,100000.0,8.125
21.0,100000.0,9.375
21.2,100000.0,7.5
21.4,100000.0,8.125
21.6,100000.0,6.875
21.8,100000.0,8.75
22.0,100000.0,5.0
22.2,100000.0,10.0
22.4,100000.0,5.0
15.0,398107.171,96.25
15.2,398107.171,97.5
15.4,398107.171,95.0
15.6,398107.171,97.5
15.8,398107.171,100.0
16.0,398107.171,98.75
16.2,398107.171,93.75
16.4,398107.171,97.5
16.6,398107.171,100.0
16.8,398107.171,98.75
17.0,398107.171,98.75
17.2,398107.171,98.75
17.4,398107.171,98.75
17.6,398107.171,97.5
17.8,398107.171,97.5
18.0,398107.171,97.5
18.2,398107.171,98.75
18.4,398107.171,98.75
18.6,398107.171,97.5
18.8,398107.171,96.25
19.0,398107.171,87.5
19.2,398107.171,82.5
19.4,398107.171,68.75
19.6,398107.171,52.5
19.8,398107.171,20.0
20.0,398107.171,22.5
20.2,398107.171,10.0
20.4,398107.171,11.25
20.6,398107.171,10.0
20.8,398107.171,15.0
21.0,398107.171,8.75
21.2,398107.171,7.5
21.4,398107.171,5.0
21.6,398107.171,8.75
21.8,398107.171,5.0
22.0,398107.171,2.5
22.2,398107.171,10.0
22.4,398107.171,3.75
15.0,1995262.315,97.5
15.2,1995262.315,98.75
15.4,1995262.315,97.5
15.6,1995262.315,98.75
15.8,1995262.315,97.5
16.0,1995262.315,98.75
16.2,1995262.315,96.25
16.4,1995262.315,97.5
16.6,1995262.315,98.75
16.8,1995262.315,98.75
17.0,1995262.315,96.25
17.2,1995262.315,93.75
17.4,1995262.315,98.75
17.6,1995262.315,96.25
17.8,1995262.315,97.5
18.0,1995262.315,97.5
18.2,1995262.315,93.75
18.4,1995262.315,96.25
18.6,1995262.315,96.25
18.8,1995262.315,90.0
19.0,1995262.315,81.25
19.2,1995262.315,75.0
19.4,1995262.315,62.5
19.6,1995262.315,30.0
19.8,1995262.315,22.5
20.0,1995262.315,25.0
20.2,1995262.315,7.5
20.4,1995262.315,8.75
20.6,1995262.315,13.75
20.8,1995262.315,10.0
21.0,1995262.315,7.5
21.2,1995262.315,11.25
21.4,1995262.315,6.25
21.6,1995262.315,8.75
21.8,1995262.315,5.0
22.0,1995262.315,3.75
22.2,1995262.315,2.5
22.4,1995262.315,7.5
15.0,11220184.543,98.75
15.2,11220184.543,96.25
15.4,11220184.543,97.5
15.6,11220184.543,97.5
15.8,11220184.543,93.75
16.0,11220184.543,98.75
16.2,11220184.543,97.5
16.4,11220184.543,98.75
16.6,11220184.543,96.25
16.8,11220184.543,97.5
17.0,11220184.543,96.25
17.2,11220184.543,100.0
17.4,11220184.543,97.5
17.6,11220184.543,96.25
17.8,11220184.543,96.25
18.0,11220184.543,98.75
18.2,11220184.543,93.75
18.4,11220184.543,96.25
18.6,11220184.543,95.0
18.8,11220184.543,82.5
19.0,11220184.543,68.75
19.2,11220184.543,55.0
19.4,11220184.543,40.0
19.6,11220184.543,23.75
19.8,11220184.543,18.75
20.0,11220184.543,8.75
20.2,11220184.543,11.25
20.4,11220184.543,6.25
20.6,11220184.543,8.75
20.8,11220184.543,7.5
21.0,11220184.543,7.5
21.2,11220184.543,7.5
21.4,11220184.543,8.75
21.6,11220184.543,6.25
21.8,11220184.543,6.25
22.0,11220184.543,3.75
22.2,11220184.543,6.25
22.4,11220184.543,10.0
15.0,79432823.472,98.75
15.2,79432823.472,100.0
15.4,79432823.472,98.75
15.6,79432823.472,98.75
15.8,79432823.472,97.5
16.0,79432823.472,98.75
16.2,79432823.472,98.75
16.4,79432823.472,96.25
16.6,79432823.472,97.5
16.8,79432823.472,97.5
17.0,79432823.472,96.25
17.2,79432823.472,100.0
17.4,79432823.472,90.0
17.6,79432823.472,98.75
17.8,79432823.472,93.75
18.0,79432823.472,96.25
18.2,79432823.472,95.0
18.4,79432823.472,97.5
18.6,79432823.472,90.0
18.8,79432823.472,81.25
19.0,79432823.472,60.0
19.2,79432823.472,48.75
19.4,79432823.472,23.75
19.6,79432823.472,16.25
19.8,79432823.472,20.0
20.0,79432823.472,6.25
20.2,79432823.472,7.5
20.4,79432823.472,2.5
20.6,79432823.472,13.75
20.8,79432823.472,8.75
21.0,79432823.472,6.25
21.2,79432823.472,3.75
21.4,79432823.472,1.25
21.6,79432823.472,6.25
21.8,79432823.472,5.0
22.0,79432823.472,5.0
22.2,79432823.472,10.0
22.4,79432823.472,0.0
15.0,794328234.724,98.75
15.2,794328234.724,98.75
15.4,794328234.724,97.5
15.6,794328234.724,97.5
15.8,794328234.724,98.75
16.0,794328234.724,100.0
16.2,794328234.724,97.5
16.4,794328234.724,97.5
16.6,794328234.724,100.0
16.8,794328234.724,97.5
17.0,794328234.724,95.0
17.2,794328234.724,96.25
17.4,794328234.724,98.75
17.6,794328234.724,92.5
17.8,794328234.724,93.75
18.0,794328234.724,96.25
18.2,794328234.724,92.5
18.4,794328234.724,90.0
18.6,794328234.724,80.0
18.8,794328234.724,57.5
19.0,794328234.724,33.75
19.2,794328234.724,33.75
19.4,794328234.724,16.25
19.6,794328234.724,15.0
19.8,794328234.724,18.75
20.0,794328234.724,8.75
20.2,794328234.724,11.25
20.4,794328234.724,10.0
20.6,794328234.724,3.75
20.8,794328234.724,8.75
21.0,794328234.724,12.5
21.2,794328234.724,8.75
21.4,794328234.724,6.25
21.6,794328234.724,10.0
21.8,794328234.724,2.5
22.0,794328234.724,7.5
22.2,794328234.724,0.0
22.4,794328234.724,0.0
15.0,10000000000.0,92.5
15.2,10000000000.0,100.0
15.4,10000000000.0,97.5
15.6,10000000000.0,92.5
15.8,10000000000.0,97.5
16.0,10000000000.0,97.5
16.2,10000000000.0,100.0
16.4,10000000000.0,97.5
16.6,10000000000.0,92.5
16.8,10000000000.0,97.5
17.0,10000000000.0,98.75
17.2,10000000000.0,98.75
17.4,10000000000.0,97.5
17.6,10000000000.0,95.0
17.8,10000000000.0,97.5
18.0,10000000000.0,97.5
18.2,10000000000.0,86.25
18.4,10000000000.0,82.5
18.6,10000000000.0,57.5
18.8,10000000000.0,41.25
19.0,10000000000.0,32.5
19.2,10000000000.0,17.5
19.4,10000000000.0,11.25
19.6,10000000000.0,11.25
19.8,10000000000.0,10.0
20.0,10000000000.0,7.5
20.2,10000000000.0,11.25
20.4,10000000000.0,5.0
20.6,10000000000.0,7.5
20.8,10000000000.0,7.5
21.0,10000000000.0,3.75
21.2,10000000000.0,6.25
21.4,10000000000.0,10.0
21.6,10000000000.0,5.0
21.8,10000000000.0,0.0
22.0,10000000000.0,0.0
22.2,10000000000.0,0.0
22.4,10000000000.0,0.0
15.0,158489319246.111,100.0
15.2,158489319246.111,97.5
15.4,158489319246.111,95.0
15.6,158489319246.111,100.0
15.8,158489319246.111,97.5
16.0,158489319246.111,100.0
16.2,158489319246.111,100.0
16.4,158489319246.111,100.0
16.6,158489319246.111,95.0
16.8,158489319246.111,98.75
17.0,158489319246.111,96.25
17.2,158489319246.111,91.25
17.4,158489319246.111,93.75
17.6,158489319246.111,97.5
17.8,158489319246.111,98.75
18.0,158489319246.111,92.5
18.2,158489319246.111,82.5
18.4,158489319246.111,45.0
18.6,158489319246.111,47.5
18.8,158489319246.111,20.0
19.0,158489319246.111,25.0
19.2,158489319246.111,8.75
19.4,158489319246.111,8.75
19.6,158489319246.111,7.5
19.8,158489319246.111,7.5
20.0,158489319246.111,7.5
20.2,158489319246.111,12.5
20.4,158489319246.111,6.25
20.6,158489319246.111,11.25
20.8,158489319246.111,10.0
21.0,158489319246.111,12.5
21.2,158489319246.111,5.0
21.4,158489319246.111,8.75
21.6,158489319246.111,0.0
21.8,158489319246.111,0.0
22.0,158489319246.111,0.0
22.2,158489319246.111,0.0
22.4,158489319246.111,0.0
15.0,3548133892335.76,100.0
15.2,3548133892335.76,97.5
15.4,3548133892335.76,100.0
15.6,3548133892335.76,97.5
15.8,3548133892335.76,92.5
16.0,3548133892335.76,95.0
16.2,3548133892335.76,100.0
16.4,3548133892335.76,97.5
16.6,3548133892335.76,100.0
16.8,3548133892335.76,100.0
17.0,3548133892335.76,98.75
17.2,3548133892335.76,100.0
17.4,3548133892335.76,93.75
17.6,3548133892335.76,95.0
17.8,3548133892335.76,92.5
18.0,3548133892335.76,82.5
18.2,3548133892335.76,60.0
18.4,3548133892335.76,35.0
18.6,3548133892335.76,31.25
18.8,3548133892335.76,18.75
19.0,3548133892335.76,16.25
19.2,3548133892335.76,15.0
19.4,3548133892335.76,10.0
19.6,3548133892335.76,8.75
19.8,3548133892335.76,17.5
20.0,3548133892335.76,15.0
20.2,3548133892335.76,10.0
20.4,3548133892335.76,7.5
20.6,3548133892335.76,2.5
20.8,3548133892335.76,5.0
21.0,3548133892335.76,6.25
21.2,3548133892335.76,7.5
21.4,3548133892335.76,0.0
21.6,3548133892335.76,0.0
21.8,3548133892335.76,0.0
22.0,3548133892335.76,0.0
22.2,3548133892335.76,0.0
22.4,3548133892335.76,0.0
15.0,125892541179416.62,97.5
15.2,125892541179416.62,97.5
15.4,125892541179416.62,100.0
15.6,125892541179416.62,95.0
15.8,125892541179416.62,97.5
16.0,125892541179416.62,100.0
16.2,125892541179416.62,100.0
16.4,125892541179416.62,97.5
16.6,125892541179416.62,100.0
16.8,125892541179416.62,98.75
17.0,125892541179416.62,95.0
17.2,125892541179416.62,96.25
17.4,125892541179416.62,95.0
17.6,125892541179416.62,88.75
17.8,125892541179416.62,73.75
18.0,125892541179416.62,58.75
18.2,125892541179416.62,36.25
18.4,125892541179416.62,30.0
18.6,125892541179416.62,23.75
18.8,125892541179416.62,11.25
19.0,125892541179416.62,12.5
19.2,125892541179416.62,11.25
19.4,125892541179416.62,6.25
19.6,125892541179416.62,7.5
19.8,125892541179416.62,5.0
20.0,125892541179416.62,12.5
20.2,125892541179416.62,2.5
20.4,125892541179416.62,10.0
20.6,125892541179416.62,11.25
20.8,125892541179416.62,2.5
21.0,125892541179416.62,5.0
21.2,125892541179416.62,0.0
21.4,125892541179416.62,0.0
21.6,125892541179416.62,0.0
21.8,125892541179416.62,0.0
22.0,125892541179416.62,0.0
22.2,125892541179416.62,0.0
22.4,125892541179416.62,0.0
15.0,6309573444801943.0,100.0
15.2,6309573444801943.0,97.5
15.4,6309573444801943.0,100.0
15.6,6309573444801943.0,100.0
15.8,6309573444801943.0,100.0
16.0,6309573444801943.0,100.0
16.2,6309573444801943.0,97.5
16.4,6309573444801943.0,97.5
16.6,6309573444801943.0,100.0
16.8,6309573444801943.0,93.75
17.0,6309573444801943.0,92.5
17.2,6309573444801943.0,100.0
17.4,6309573444801943.0,95.0
17.6,6309573444801943.0,81.25
17.8,6309573444801943.0,53.75
18.0,6309573444801943.0,38.75
18.2,6309573444801943.0,31.25
18.4,6309573444801943.0,16.25
18.6,6309573444801943.0,16.25
18.8,6309573444801943.0,7.5
19.0,6309573444801943.0,10.0
19.2,6309573444801943.0,7.5
19.4,6309573444801943.0,13.75
19.6,6309573444801943.0,7.5
19.8,6309573444801943.0,6.25
20.0,6309573444801943.0,6.25
20.2,6309573444801943.0,3.75
20.4,6309573444801943.0,5.0
20.6,6309573444801943.0,2.5
20.8,6309573444801943.0,0.0
21.0,6309573444801943.0,0.0
21.2,6309573444801943.0,0.0
21.4,6309573444801943.0,0.0
21.6,6309573444801943.0,0.0
21.8,6309573444801943.0,0.0
22.0,6309573444801943.0,0.0
22.2,6309573444801943.0,0.0
22.4,6309573444801943.0,0.0
15.0,5.6234132519034906e+17,97.5
15.2,5.6234132519034906e+17,100.0
15.4,5.6234132519034906e+17,100.0
15.6,5.6234132519034906e+17,100.0
15.8,5.6234132519034906e+17,100.0
16.0,5.6234132519034906e+17,100.0
16.2,5.6234132519034906e+17,100.0
16.4,5.6234132519034906e+17,100.0
16.6,5.6234132519034906e+17,97.5
16.8,5.6234132519034906e+17,95.0
17.0,5.6234132519034906e+17,96.25
17.2,5.6234132519034906e+17,95.0
17.4,5.6234132519034906e+17,77.5
17.6,5.6234132519034906e+17,66.25
17.8,5.6234132519034906e+17,41.25
18.0,5.6234132519034906e+17,27.5
18.2,5.6234132519034906e+17,20.0
18.4,5.6234132519034906e+17,16.25
18.6,5.6234132519034906e+17,7.5
18.8,5.6234132519034906e+17,8.75
19.0,5.6234132519034906e+17,7.5
19.2,5.6234132519034906e+17,12.5
19.4,5.6234132519034906e+17,7.5
19.6,5.6234132519034906e+17,13.75
19.8,5.6234132519034906e+17,6.25
20.0,5.6234132519034906e+17,3.75
20.2,5.6234132519034906e+17,6.25
20.4,5.6234132519034906e+17,6.25
20.6,5.6234132519034906e+17,0.0
20.8,5.6234132519034906e+17,0.0
21.0,5.6234132519034906e+17,0.0
21.2,5.6234132519034906e+17,0.0
21.4,5.6234132519034906e+17,0.0
21.6,5.6234132519034906e+17,0.0
21.8,5.6234132519034906e+17,0.0
22.0,5.6234132519034906e+17,0.0
22.2,5.6234132519034906e+17,0.0
22.4,5.6234132519034906e+17,0.0
15.0,7.94328234724279e+19,97.5
15.2,7.94328234724279e+19,100.0
15.4,7.94328234724279e+19,97.5
15.6,7.94328234724279e+19,97.5
15.8,7.94328234724279e+19,97.5
16.0,7.94328234724279e+19,97.5
16.2,7.94328234724279e+19,100.0
16.4,7.94328234724279e+19,97.5
16.6,7.94328234724279e+19,97.5
16.8,7.94328234724279e+19,95.0
17.0,7.94328234724279e+19,93.75
17.2,7.94328234724279e+19,76.25
17.4,7.94328234724279e+19,61.25
17.6,7.94328234724279e+19,37.5
17.8,7.94328234724279e+19,32.5
18.0,7.94328234724279e+19,18.75
18.2,7.94328234724279e+19,12.5
18.4,7.94328234724279e+19,13.75
18.6,7.94328234724279e+19,11.25
18.8,7.94328234724279e+19,6.25
19.0,7.94328234724279e+19,5.0
19.2,7.94328234724279e+19,8.75
19.4,7.94328234724279e+19,3.75
19.6,7.94328234724279e+19,7.5
19.8,7.94328234724279e+19,10.0
20.0,7.94328234724279e+19,3.75
20.2,7.94328234724279e+19,7.5
20.4,7.94328234724279e+19,0.0
20.6,7.94328234724279e+19,0.0
20.8,7.94328234724279e+19,0.0
21.0,7.94328234724279e+19,0.0
21.2,7.94328234724279e+19,0.0
21.4,7.94328234724279e+19,0.0
21.6,7.94328234724279e+19,0.0
21.8,7.94328234724279e+19,0.0
22.0,7.94328234724279e+19,0.0
22.2,7.94328234724279e+19,0.0
22.4,7.94328234724279e+19,0.0
15.0,2.238721138568347e+22,100.0
15.2,2.238721138568347e+22,97.5
15.4,2.238721138568347e+22,100.0
15.6,2.238721138568347e+22,100.0
15.8,2.238721138568347e+22,95.0
16.0,2.238721138568347e+22,100.0
16.2,2.238721138568347e+22,100.0
16.4,2.238721138568347e+22,100.0
16.6,2.238721138568347e+22,92.5
16.8,2.238721138568347e+22,95.0
17.0,2.238721138568347e+22,80.0
17.2,2.238721138568347e+22,57.5
17.4,2.238721138568347e+22,47.5
17.6,2.238721138568347e+22,27.5
17.8,2.238721138568347e+22,22.5
18.0,2.238721138568347e+22,17.5
18.2,2.238721138568347e+22,32.5
18.4,2.238721138568347e+22,10.0
18.6,2.238721138568347e+22,5.0
18.8,2.238721138568347e+22,15.0
19.0,2.238721138568347e+22,12.5
19.2,2.238721138568347e+22,12.5
19.4,2.238721138568347e+22,7.5
19.6,2.238721138568347e+22,7.5
19.8,2.238721138568347e+22,7.5
20.0,2.238721138568347e+22,5.0
20.2,2.238721138568347e+22,0.0
20.4,2.238721138568347e+22,0.0
20.6,2.238721138568347e+22,0.0
20.8,2.238721138568347e+22,0.0
21.0,2.238721138568347e+22,0.0
21.2,2.238721138568347e+22,0.0
21.4,2.238721138568347e+22,0.0
21.6,2.238721138568347e+22,0.0
21.8,2.238721138568347e+22,0.0
22.0,2.238721138568347e+22,0.0
22.2,2.238721138568347e+22,0.0
22.4,2.238721138568347e+22,0.0
15.0,1.1220184543019654e+25,95.0
15.2,1.1220184543019654e+25,97.5
15.4,1.1220184543019654e+25,97.5
15.6,1.1220184543019654e+25,97.5
15.8,1.1220184543019654e+25,97.5
16.0,1.1220184543019654e+25,97.5
16.2,1.1220184543019654e+25,97.5
16.4,1.1220184543019654e+25,95.0
16.6,1.1220184543019654e+25,97.5
16.8,1.1220184543019654e+25,90.0
17.0,1.1220184543019654e+25,65.0
17.2,1.1220184543019654e+25,47.5
17.4,1.1220184543019654e+25,25.0
17.6,1.1220184543019654e+25,27.5
17.8,1.1220184543019654e+25,10.0
18.0,1.1220184543019654e+25,12.5
18.2,1.1220184543019654e+25,12.5
18.4,1.1220184543019654e+25,15.0
18.6,1.1220184543019654e+25,12.5
18.8,1.1220184543019654e+25,2.5
19.0,1.1220184543019654e+25,7.5
19.2,1.1220184543019654e+25,5.0
19.4,1.1220184543019654e+25,0.0
19.6,1.1220184543019654e+25,17.5
19.8,1.1220184543019654e+25,0.0
20.0,1.1220184543019654e+25,0.0
20.2,1.1220184543019654e+25,0.0
20.4,1.1220184543019654e+25,0.0
20.6,1.1220184543019654e+25,0.0
20.8,1.1220184543019654e+25,0.0
21.0,1.1220184543019654e+25,0.0
21.2,1.1220184543019654e+25,0.0
21.4,1.1220184543019654e+25,0.0
21.6,1.1220184543019654e+25,0.0
21.8,1.1220184543019654e+25,0.0
22.0,1.1220184543019654e+25,0.0
22.2,1.1220184543019654e+25,0.0
22.4,1.1220184543019654e+25,0.0
15.0,1.2589254117941714e+28,97.5
15.2,1.2589254117941714e+28,100.0
15.4,1.2589254117941714e+28,100.0
15.6,1.2589254117941714e+28,95.0
15.8,1.2589254117941714e+28,100.0
16.0,1.2589254117941714e+28,100.0
16.2,1.2589254117941714e+28,92.5
16.4,1.2589254117941714e+28,95.0
16.6,1.2589254117941714e+28,80.0
16.8,1.2589254117941714e+28,55.0
17.0,1.2589254117941714e+28,37.5
17.2,1.2589254117941714e+28,32.5
17.4,1.2589254117941714e+28,22.5
17.6,1.2589254117941714e+28,15.0
17.8,1.2589254117941714e+28,15.0
18.0,1.2589254117941714e+28,12.5
18.2,1.2589254117941714e+28,10.0
18.4,1.2589254117941714e+28,10.0
18.6,1.2589254117941714e+28,5.0
18.8,1.2589254117941714e+28,5.0
19.0,1.2589254117941714e+28,10.0
19.2,1.2589254117941714e+28,2.5
19.4,1.2589254117941714e+28,0.0
19.6,1.2589254117941714e+28,0.0
19.8,1.2589254117941714e+28,0.0
20.0,1.2589254117941714e+28,0.0
20.2,1.2589254117941714e+28,0.0
20.4,1.2589254117941714e+28,0.0
20.6,1.2589254117941714e+28,0.0
20.8,1.2589254117941714e+28,0.0
21.0,1.2589254117941714e+28,0.0
21.2,1.2589254117941714e+28,0.0
21.4,1.2589254117941714e+28,0.0
21.6,1.2589254117941714e+28,0.0
21.8,1.2589254117941714e+28,0.0
22.0,1.2589254117941714e+28,0.0
22.2,1.2589254117941714e+28,0.0
22.4,1.2589254117941714e+28,0.0
15.0,3.5481338923357605e+31,97.5
15.2,3.5481338923357605e+31,100.0
15.4,3.5481338923357605e+31,100.0
15.6,3.5481338923357605e+31,100.0
15.8,3.5481338923357605e+31,97.5
16.0,3.5481338923357605e+31,95.0
16.2,3.5481338923357605e+31,90.0
16.4,3.5481338923357605e+31,77.5
16.6,3.5481338923357605e+31,67.5
16.8,3.5481338923357605e+31,35.0
17.0,3.5481338923357605e+31,17.5
17.2,3.5481338923357605e+31,15.0
17.4,3.5481338923357605e+31,12.5
17.6,3.5481338923357605e+31,22.5
17.8,3.5481338923357605e+31,15.0
18.0,3.5481338923357605e+31,15.0
18.2,3.5481338923357605e+31,7.5
18.4,3.5481338923357605e+31,10.0
18.6,3.5481338923357605e+31,0.0
18.8,3.5481338923357605e+31,0.0
19.0,3.5481338923357605e+31,7.5
19.2,3.5481338923357605e+31,15.0
19.4,3.5481338923357605e+31,0.0
19.6,3.5481338923357605e+31,0.0
19.8,3.5481338923357605e+31,0.0
20.0,3.5481338923357605e+31,0.0
20.2,3.5481338923357605e+31,0.0
20.4,3.5481338923357605e+31,0.0
20.6,3.5481338923357605e+31,0.0
20.8,3.5481338923357605e+31,0.0
21.0,3.5481338923357605e+31,0.0
21.2,3.5481338923357605e+31,0.0
21.4,3.5481338923357605e+31,0.0
21.6,3.5481338923357605e+31,0.0
21.8,3.5481338923357605e+31,0.0
22.0,3.5481338923357605e+31,0.0
22.2,3.5481338923357605e+31,0.0
22.4,3.5481338923357605e+31,0.0
15.0,2.511886431509572e+35,96.42857
15.2,2.511886431509572e+35,100.0
15.4,2.511886431509572e+35,96.42857
15.6,2.511886431509572e+35,100.0
15.8,2.511886431509572e+35,96.42857
16.0,2.511886431509572e+35,89.28571
16.2,2.511886431509572e+35,85.71429
16.4,2.511886431509572e+35,60.71429
16.6,2.511886431509572e+35,53.57143
16.8,2.511886431509572e+35,20.0
17.0,2.511886431509572e+35,27.5
17.2,2.511886431509572e+35,20.0
17.4,2.511886431509572e+35,10.0
17.6,2.511886431509572e+35,12.5
17.8,2.511886431509572e+35,15.0
18.0,2.511886431509572e+35,12.5
18.2,2.511886431509572e+35,5.0
18.4,2.511886431509572e+35,7.5
18.6,2.511886431509572e+35,5.0
18.8,2.511886431509572e+35,5.0
19.0,2.511886431509572e+35,12.5
19.2,2.511886431509572e+35,0.0
19.4,2.511886431509572e+35,0.0
19.6,2.511886431509572e+35,0.0
19.8,2.511886431509572e+35,0.0
20.0,2.511886431509572e+35,0.0
20.2,2.511886431509572e+35,0.0
20.4,2.511886431509572e+35,0.0
20.6,2.511886431509572e+35,0.0
20.8,2.511886431509572e+35,0.0
21.0,2.511886431509572e+35,0.0
21.2,2.511886431509572e+35,0.0
21.4,2.511886431509572e+35,0.0
21.6,2.511886431509572e+35,0.0
21.8,2.511886431509572e+35,0.0
22.0,2.511886431509572e+35,0.0
22.2,2.511886431509572e+35,0.0
22.4,2.511886431509572e+35,0.0
15.0,5.011872336272756e+39,100.0
15.2,5.011872336272756e+39,100.0
15.4,5.011872336272756e+39,96.42857
15.6,5.011872336272756e+39,100.0
15.8,5.011872336272756e+39,89.28571
16.0,5.011872336272756e+39,82.14286
16.2,5.011872336272756e+39,50.0
16.4,5.011872336272756e+39,32.14286
16.6,5.011872336272756e+39,32.14286
16.8,5.011872336272756e+39,15.0
17.0,5.011872336272756e+39,10.0
17.2,5.011872336272756e+39,17.5
17.4,5.011872336272756e+39,5.0
17.6,5.011872336272756e+39,22.5
17.8,5.011872336272756e+39,7.5
18.0,5.011872336272756e+39,2.5
18.2,5.011872336272756e+39,5.0
18.4,5.011872336272756e+39,5.0
18.6,5.011872336272756e+39,7.5
18.8,5.011872336272756e+39,0.0
19.0,5.011872336272756e+39,0.0
19.2,5.011872336272756e+39,0.0
19.4,5.011872336272756e+39,0.0
19.6,5.011872336272756e+39,0.0
19.8,5.011872336272756e+39,0.0
20.0,5.011872336272756e+39,0.0
20.2,5.011872336272756e+39,0.0
20.4,5.011872336272756e+39,0.0
20.6,5.011872336272756e+39,0.0
20.8,5.011872336272756e+39,0.0
21.0,5.011872336272756e+39,0.0
21.2,5.011872336272756e+39,0.0
21.4,5.011872336272756e+39,0.0
21.6,5.011872336272756e+39,0.0
21.8,5.011872336272756e+39,0.0
22.0,5.011872336272756e+39,0.0
22.2,5.011872336272756e+39,0.0
22.4,5.011872336272756e+39,0.0
15.0,3.5481338923357315e+44,100.0
15.2,3.5481338923357315e+44,100.0
15.4,3.5481338923357315e+44,96.42857
15.6,3.5481338923357315e+44,89.28571
15.8,3.5481338923357315e+44,60.71429
16.0,3.5481338923357315e+44,60.71429
16.2,3.5481338923357315e+44,53.57143
16.4,3.5481338923357315e+44,21.42857
16.6,3.5481338923357315e+44,7.14286
16.8,3.5481338923357315e+44,15.0
17.0,3.5481338923357315e+44,15.0
17.2,3.5481338923357315e+44,0.0
17.4,3.5481338923357315e+44,15.0
17.6,3.5481338923357315e+44,5.0
17.8,3.5481338923357315e+44,10.0
18.0,3.5481338923357315e+44,2.5
18.2,3.5481338923357315e+44,7.5
18.4,3.5481338923357315e+44,2.5
18.6,3.5481338923357315e+44,0.0
18.8,3.5481338923357315e+44,0.0
19.0,3.5481338923357315e+44,0.0
19.2,3.5481338923357315e+44,0.0
19.4,3.5481338923357315e+44,0.0
19.6,3.5481338923357315e+44,0.0
19.8,3.5481338923357315e+44,0.0
20.0,3.5481338923357315e+44,0.0
20.2,3.5481338923357315e+44,0.0
20.4,3.5481338923357315e+44,0.0
20.6,3.5481338923357315e+44,0.0
20.8,3.5481338923357315e+44,0.0
21.0,3.5481338923357315e+44,0.0
21.2,3.5481338923357315e+44,0.0
21.4,3.5481338923357315e+44,0.0
21.6,3.5481338923357315e+44,0.0
21.8,3.5481338923357315e+44,0.0
22.0,3.5481338923357315e+44,0.0
22.2,3.5481338923357315e+44,0.0
22.4,3.5481338923357315e+44,0.0
15.0,1e+50,100.0
15.2,1e+50,100.0
15.4,1e+50,89.28571
15.6,1e+50,71.42857
15.8,1e+50,67.85714
16.0,1e+50,32.14286
16.2,1e+50,28.57143
16.4,1e+50,21.42857
16.6,1e+50,3.57143
16.8,1e+50,10.0
17.0,1e+50,7.5
17.2,1e+50,15.0
17.4,1e+50,10.0
17.6,1e+50,10.0
17.8,1e+50,5.0
18.0,1e+50,7.5
18.2,1e+50,5.0
18.4,1e+50,0.0
18.6,1e+50,0.0
18.8,1e+50,0.0
19.0,1e+50,0.0
19.2,1e+50,0.0
19.4,1e+50,0.0
19.6,1e+50,0.0
19.8,1e+50,0.0
20.0,1e+50,0.0
20.2,1e+50,0.0
20.4,1e+50,0.0
20.6,1e+50,0.0
20.8,1e+50,0.0
21.0,1e+50,0.0
21.2,1e+50,0.0
21.4,1e+50,0.0
21.6,1e+50,0.0
21.8,1e+50,0.0
22.0,1e+50,0.0
22.2,1e+50,0.0
22.4,1e+50,0.0
15.0,1.258925411794171e+56,96.42857
15.2,1.258925411794171e+56,100.0
15.4,1.258925411794171e+56,89.28571
15.6,1.258925411794171e+56,71.42857
15.8,1.258925411794171e+56,75.0
16.0,1.258925411794171e+56,53.57143
16.2,1.258925411794171e+56,39.28571
16.4,1.258925411794171e+56,21.42857
16.6,1.258925411794171e+56,14.28571
16.8,1.258925411794171e+56,15.0
17.0,1.258925411794171e+56,12.5
17.2,1.258925411794171e+56,10.0
17.4,1.258925411794171e+56,15.0
17.6,1.258925411794171e+56,7.5
17.8,1.258925411794171e+56,17.5
18.0,1.258925411794171e+56,7.5
18.2,1.258925411794171e+56,0.0
18.4,1.258925411794171e+56,0.0
18.6,1.258925411794171e+56,0.0
18.8,1.258925411794171e+56,0.0
19.0,1.258925411794171e+56,0.0
19.2,1.258925411794171e+56,0.0
19.4,1.258925411794171e+56,0.0
19.6,1.258925411794171e+56,0.0
19.8,1.258925411794171e+56,0.0
20.0,1.258925411794171e+56,0.0
20.2,1.258925411794171e+56,0.0
20.4,1.258925411794171e+56,0.0
20.6,1.258925411794171e+56,0.0
20.8,1.258925411794171e+56,0.0
21.0,1.258925411794171e+56,0.0
21.2,1.258925411794171e+56,0.0
21.4,1.258925411794171e+56,0.0
21.6,1.258925411794171e+56,0.0
21.8,1.258925411794171e+56,0.0
22.0,1.258925411794171e+56,0.0
22.2,1.258925411794171e+56,0.0
22.4,1.258925411794171e+56,0.0
15.0,8.912509381337513e+62,96.42857
15.2,8.912509381337513e+62,92.85714
15.4,8.912509381337513e+62,89.28571
15.6,8.912509381337513e+62,64.28571
15.8,8.912509381337513e+62,46.42857
16.0,8.912509381337513e+62,32.14286
16.2,8.912509381337513e+62,21.42857
16.4,8.912509381337513e+62,17.85714
16.6,8.912509381337513e+62,17.85714
16.8,8.912509381337513e+62,10.0
17.0,8.912509381337513e+62,12.5
17.2,8.912509381337513e+62,7.5
17.4,8.912509381337513e+62,5.0
17.6,8.912509381337513e+62,7.5
17.8,8.912509381337513e+62,0.0
18.0,8.912509381337513e+62,0.0
18.2,8.912509381337513e+62,0.0
18.4,8.912509381337513e+62,0.0
18.6,8.912509381337513e+62,0.0
18.8,8.912509381337513e+62,0.0
19.0,8.912509381337513e+62,0.0
19.2,8.912509381337513e+62,0.0
19.4,8.912509381337513e+62,0.0
19.6,8.912509381337513e+62,0.0
19.8,8.912509381337513e+62,0.0
20.0,8.912509381337513e+62,0.0
20.2,8.912509381337513e+62,0.0
20.4,8.912509381337513e+62,0.0
20.6,8.912509381337513e+62,0.0
20.8,8.912509381337513e+62,0.0
21.0,8.912509381337513e+62,0.0
21.2,8.912509381337513e+62,0.0
21.4,8.912509381337513e+62,0.0
21.6,8.912509381337513e+62,0.0
21.8,8.912509381337513e+62,0.0
22.0,8.912509381337513e+62,0.0
22.2,8.912509381337513e+62,0.0
22.4,8.912509381337513e+62,0.0
15.0,4.4668359215096896e+70,82.14286
15.2,4.4668359215096896e+70,85.71429
15.4,4.4668359215096896e+70,60.71429
15.6,4.4668359215096896e+70,46.42857
15.8,4.4668359215096896e+70,42.85714
16.0,4.4668359215096896e+70,17.85714
16.2,4.4668359215096896e+70,21.42857
16.4,4.4668359215096896e+70,14.28571
16.6,4.4668359215096896e+70,7.14286
16.8,4.4668359215096896e+70,10.0
17.0,4.4668359215096896e+70,15.0
17.2,4.4668359215096896e+70,10.0
17.4,4.4668359215096896e+70,2.5
17.6,4.4668359215096896e+70,0.0
17.8,4.4668359215096896e+70,0.0
18.0,4.4668359215096896e+70,0.0
18.2,4.4668359215096896e+70,0.0
18.4,4.4668359215096896e+70,0.0
18.6,4.4668359215096896e+70,0.0
18.8,4.4668359215096896e+70,0.0
19.0,4.4668359215096896e+70,0.0
19.2,4.4668359215096896e+70,0.0
19.4,4.4668359215096896e+70,0.0
19.6,4.4668359215096896e+70,0.0
19.8,4.4668359215096896e+70,0.0
20.0,4.4668359215096896e+70,0.0
20.2,4.4668359215096896e+70,0.0
20.4,4.4668359215096896e+70,0.0
20.6,4.4668359215096896e+70,0.0
20.8,4.4668359215096896e+70,0.0
21.0,4.4668359215096896e+70,0.0
21.2,4.4668359215096896e+70,0.0
21.4,4.4668359215096896e+70,0.0
21.6,4.4668359215096896e+70,0.0
21.8,4.4668359215096896e+70,0.0
22.0,4.4668359215096896e+70,0.0
22.2,4.4668359215096896e+70,0.0
22.4,4.4668359215096896e+70,0.0
15.0,1.778279410038923e+79,0.0
15.2,1.778279410038923e+79,0.0
15.4,1.778279410038923e+79,0.0
15.6,1.778279410038923e+79,0.0
15.8,1.778279410038923e+79,0.0
16.0,1.778279410038923e+79,0.0
16.2,1.778279410038923e+79,0.0
16.4,1.778279410038923e+79,0.0
16.6,1.778279410038923e+79,0.0
16.8,1.778279410038923e+79,0.0
17.0,1.778279410038923e+79,0.0
17.2,1.778279410038923e+79,0.0
17.4,1.778279410038923e+79,0.0
17.6,1.778279410038923e+79,0.0
17.8,1.778279410038923e+79,0.0
18.0,1.778279410038923e+79,0.0
18.2,1.778279410038923e+79,0.0
18.4,1.778279410038923e+79,0.0
18.6,1.778279410038923e+79,0.0
18.8,1.778279410038923e+79,0.0
19.0,1.778279410038923e+79,0.0
19.2,1.778279410038923e+79,0.0
19.4,1.778279410038923e+79,0.0
19.6,1.778279410038923e+79,0.0
19.8,1.778279410038923e+79,0.0
20.0,1.778279410038923e+79,0.0
20.2,1.778279410038923e+79,0.0
20.4,1.778279410038923e+79,0.0
20.6,1.778279410038923e+79,0.0
20.8,1.778279410038923e+79,0.0
21.0,1.778279410038923e+79,0.0
21.2,1.778279410038923e+79,0.0
21.4,1.778279410038923e+79,0.0
21.6,1.778279410038923e+79,0.0
21.8,1.778279410038923e+79,0.0
22.0,1.778279410038923e+79,0.0
22.2,1.778279410038923e+79,0.0
22.4,1.778279410038923e+79,0.0
