#Column 1: Magnitude of injected artificial galaxy 
#Column 2: Effective radius in arcsecsonds of the injected artificial galaxy 
#Column 3: The algroithm's percentage (0 to 100) of objects recovered 
#Column 4: The number of artificial galaxies injected 
mag,rho,eff_rd, n_inj 
15.0, 2.62, 2.5925925925925926, 270
15.2, 2.62, 1.4814814814814818, 270
15.4, 2.62, 1.4814814814814816, 270
15.6, 2.62, 1.1111111111111114, 270
15.8, 2.62, 1.4814814814814816, 270
16.0, 2.62, 1.851851851851852, 270
16.2, 2.62, 1.851851851851852, 270
16.4, 2.62, 3.7037037037037033, 270
16.6, 2.62, 1.4814814814814818, 270
16.8, 2.62, 0.3703703703703704, 270
17.0, 2.62, 2.592592592592593, 270
17.2, 2.62, 3.3333333333333335, 270
17.4, 2.62, 2.592592592592593, 270
17.6, 2.62, 3.3333333333333335, 270
17.8, 2.62, 4.444444444444445, 270
18.0, 2.62, 5.185185185185186, 270
18.2, 2.62, 14.814814814814817, 270
18.4, 2.62, 17.777777777777782, 270
18.6, 2.62, 33.7037037037037, 270
18.8, 2.62, 32.96296296296296, 270
19.0, 2.62, 41.85185185185185, 270
19.2, 2.62, 40.37037037037036, 270
19.4, 2.62, 48.88888888888889, 270
19.6, 2.62, 49.99999999999999, 270
19.8, 2.62, 43.7037037037037, 270
20.0, 2.62, 43.7037037037037, 270
20.2, 2.62, 44.074074074074076, 270
20.4, 2.62, 38.518518518518505, 270
20.6, 2.62, 38.888888888888886, 270
20.8, 2.62, 35.92592592592592, 270
21.0, 2.62, 32.96296296296296, 270
21.2, 2.62, 25.185185185185187, 270
21.4, 2.62, 15.92592592592592, 270
21.6, 2.62, 16.666666666666664, 270
21.8, 2.62, 12.222222222222221, 270
22.0, 2.62, 9.629629629629628, 270
22.2, 2.62, 8.148148148148147, 270
22.4, 2.62, 3.703703703703704, 270
15.0, 2.882, 2.962962962962963, 270
15.2, 2.882, 1.851851851851852, 270
15.4, 2.882, 2.2222222222222223, 270
15.6, 2.882, 0.7407407407407409, 270
15.8, 2.882, 2.9629629629629632, 270
16.0, 2.882, 2.9629629629629632, 270
16.2, 2.882, 1.1111111111111114, 270
16.4, 2.882, 2.592592592592593, 270
16.6, 2.882, 2.2222222222222223, 270
16.8, 2.882, 3.3333333333333326, 270
17.0, 2.882, 4.074074074074073, 270
17.2, 2.882, 2.5925925925925926, 270
17.4, 2.882, 4.0740740740740735, 270
17.6, 2.882, 6.666666666666666, 270
17.8, 2.882, 9.999999999999998, 270
18.0, 2.882, 24.444444444444443, 270
18.2, 2.882, 31.111111111111118, 270
18.4, 2.882, 35.55555555555555, 270
18.6, 2.882, 45.55555555555555, 270
18.8, 2.882, 54.07407407407407, 270
19.0, 2.882, 58.14814814814814, 270
19.2, 2.882, 57.03703703703703, 270
19.4, 2.882, 54.44444444444444, 270
19.6, 2.882, 54.81481481481482, 270
19.8, 2.882, 59.25925925925925, 270
20.0, 2.882, 60.74074074074073, 270
20.2, 2.882, 58.888888888888886, 270
20.4, 2.882, 55.55555555555556, 270
20.6, 2.882, 54.81481481481481, 270
20.8, 2.882, 44.44444444444444, 270
21.0, 2.882, 41.11111111111111, 270
21.2, 2.882, 38.14814814814815, 270
21.4, 2.882, 27.77777777777778, 270
21.6, 2.882, 21.851851851851848, 270
21.8, 2.882, 18.148148148148145, 270
22.0, 2.882, 9.629629629629628, 270
22.2, 2.882, 8.88888888888889, 270
22.4, 2.882, 7.037037037037037, 270
15.0, 3.406, 2.2222222222222223, 270
15.2, 3.406, 2.5925925925925926, 270
15.4, 3.406, 2.5925925925925926, 270
15.6, 3.406, 2.2222222222222223, 270
15.8, 3.406, 2.592592592592593, 270
16.0, 3.406, 1.851851851851852, 270
16.2, 3.406, 1.4814814814814818, 270
16.4, 3.406, 2.592592592592593, 270
16.6, 3.406, 1.851851851851852, 270
16.8, 3.406, 3.3333333333333335, 270
17.0, 3.406, 3.3333333333333335, 270
17.2, 3.406, 7.407407407407409, 270
17.4, 3.406, 16.29629629629629, 270
17.6, 3.406, 28.88888888888889, 270
17.8, 3.406, 45.555555555555564, 270
18.0, 3.406, 62.59259259259258, 270
18.2, 3.406, 62.22222222222222, 270
18.4, 3.406, 66.29629629629629, 270
18.6, 3.406, 73.33333333333333, 270
18.8, 3.406, 69.62962962962963, 270
19.0, 3.406, 73.33333333333333, 270
19.2, 3.406, 73.70370370370368, 270
19.4, 3.406, 76.66666666666666, 270
19.6, 3.406, 72.59259259259257, 270
19.8, 3.406, 77.03703703703704, 270
20.0, 3.406, 77.03703703703701, 270
20.2, 3.406, 72.22222222222223, 270
20.4, 3.406, 67.77777777777777, 270
20.6, 3.406, 60.74074074074073, 270
20.8, 3.406, 67.40740740740742, 270
21.0, 3.406, 59.25925925925925, 270
21.2, 3.406, 57.407407407407405, 270
21.4, 3.406, 39.62962962962963, 270
21.6, 3.406, 33.7037037037037, 270
21.8, 3.406, 20.37037037037037, 270
22.0, 3.406, 14.444444444444445, 270
22.2, 3.406, 7.7777777777777795, 270
22.4, 3.406, 3.3333333333333335, 270
15.0, 3.668, 2.592592592592593, 270
15.2, 3.668, 2.592592592592593, 270
15.4, 3.668, 1.851851851851852, 270
15.6, 3.668, 2.962962962962963, 270
15.8, 3.668, 2.2222222222222223, 270
16.0, 3.668, 1.4814814814814818, 270
16.2, 3.668, 1.1111111111111114, 270
16.4, 3.668, 2.5925925925925926, 270
16.6, 3.668, 1.1111111111111112, 270
16.8, 3.668, 4.814814814814815, 270
17.0, 3.668, 7.037037037037036, 270
17.2, 3.668, 16.29629629629629, 270
17.4, 3.668, 34.44444444444445, 270
17.6, 3.668, 57.77777777777778, 270
17.8, 3.668, 63.333333333333336, 270
18.0, 3.668, 70.37037037037037, 270
18.2, 3.668, 73.70370370370371, 270
18.4, 3.668, 80.0, 270
18.6, 3.668, 77.03703703703704, 270
18.8, 3.668, 80.0, 270
19.0, 3.668, 82.59259259259258, 270
19.2, 3.668, 81.85185185185186, 270
19.4, 3.668, 83.33333333333333, 270
19.6, 3.668, 84.81481481481484, 270
19.8, 3.668, 77.77777777777777, 270
20.0, 3.668, 77.03703703703702, 270
20.2, 3.668, 72.22222222222223, 270
20.4, 3.668, 78.14814814814817, 270
20.6, 3.668, 74.44444444444443, 270
20.8, 3.668, 69.62962962962963, 270
21.0, 3.668, 64.07407407407408, 270
21.2, 3.668, 57.77777777777778, 270
21.4, 3.668, 49.62962962962963, 270
21.6, 3.668, 32.96296296296296, 270
21.8, 3.668, 16.29629629629629, 270
22.0, 3.668, 11.851851851851851, 270
22.2, 3.668, 7.7777777777777795, 270
22.4, 3.668, 6.296296296296297, 270
15.0, 4.192, 2.5925925925925926, 270
15.2, 4.192, 1.1111111111111114, 270
15.4, 4.192, 2.2222222222222223, 270
15.6, 4.192, 1.4814814814814818, 270
15.8, 4.192, 4.0740740740740735, 270
16.0, 4.192, 2.2222222222222223, 270
16.2, 4.192, 1.1111111111111114, 270
16.4, 4.192, 4.814814814814815, 270
16.6, 4.192, 9.259259259259258, 270
16.8, 4.192, 18.888888888888886, 270
17.0, 4.192, 34.07407407407407, 270
17.2, 4.192, 55.92592592592591, 270
17.4, 4.192, 70.0, 270
17.6, 4.192, 76.66666666666666, 270
17.8, 4.192, 90.00000000000001, 270
18.0, 4.192, 86.2962962962963, 270
18.2, 4.192, 87.03703703703704, 270
18.4, 4.192, 83.33333333333333, 270
18.6, 4.192, 89.25925925925927, 270
18.8, 4.192, 87.03703703703701, 270
19.0, 4.192, 87.77777777777779, 270
19.2, 4.192, 84.07407407407408, 270
19.4, 4.192, 89.25925925925927, 270
19.6, 4.192, 89.62962962962962, 270
19.8, 4.192, 87.03703703703704, 270
20.0, 4.192, 84.81481481481484, 270
20.2, 4.192, 87.77777777777777, 270
20.4, 4.192, 82.22222222222223, 270
20.6, 4.192, 79.62962962962962, 270
20.8, 4.192, 76.66666666666669, 270
21.0, 4.192, 68.14814814814814, 270
21.2, 4.192, 65.1851851851852, 270
21.4, 4.192, 49.25925925925927, 270
21.6, 4.192, 34.07407407407406, 270
21.8, 4.192, 24.814814814814813, 270
22.0, 4.192, 10.74074074074074, 270
22.2, 4.192, 11.481481481481485, 270
22.4, 4.192, 4.074074074074074, 270
15.0, 4.716, 2.2222222222222223, 270
15.2, 4.716, 1.851851851851852, 270
15.4, 4.716, 1.851851851851852, 270
15.6, 4.716, 1.4814814814814818, 270
15.8, 4.716, 2.2222222222222228, 270
16.0, 4.716, 3.333333333333334, 270
16.2, 4.716, 6.296296296296296, 270
16.4, 4.716, 11.851851851851853, 270
16.6, 4.716, 38.518518518518526, 270
16.8, 4.716, 56.2962962962963, 270
17.0, 4.716, 74.44444444444443, 270
17.2, 4.716, 82.22222222222223, 270
17.4, 4.716, 88.88888888888889, 270
17.6, 4.716, 89.25925925925927, 270
17.8, 4.716, 92.96296296296296, 270
18.0, 4.716, 92.22222222222223, 270
18.2, 4.716, 90.00000000000001, 270
18.4, 4.716, 88.14814814814815, 270
18.6, 4.716, 91.48148148148148, 270
18.8, 4.716, 95.55555555555556, 270
19.0, 4.716, 93.33333333333334, 270
19.2, 4.716, 89.25925925925927, 270
19.4, 4.716, 90.0, 270
19.6, 4.716, 89.62962962962963, 270
19.8, 4.716, 88.14814814814814, 270
20.0, 4.716, 89.25925925925925, 270
20.2, 4.716, 89.25925925925928, 270
20.4, 4.716, 85.92592592592592, 270
20.6, 4.716, 84.07407407407408, 270
20.8, 4.716, 78.51851851851853, 270
21.0, 4.716, 75.55555555555554, 270
21.2, 4.716, 65.92592592592592, 270
21.4, 4.716, 50.00000000000001, 270
21.6, 4.716, 33.70370370370372, 270
21.8, 4.716, 24.07407407407407, 270
22.0, 4.716, 11.111111111111109, 270
22.2, 4.716, 7.407407407407408, 270
22.4, 4.716, 5.925925925925927, 270
15.0, 5.24, 1.851851851851852, 270
15.2, 5.24, 2.9629629629629632, 270
15.4, 5.24, 2.592592592592593, 270
15.6, 5.24, 1.4814814814814818, 270
15.8, 5.24, 2.2222222222222228, 270
16.0, 5.24, 10.74074074074074, 270
16.2, 5.24, 25.185185185185183, 270
16.4, 5.24, 46.66666666666666, 270
16.6, 5.24, 73.7037037037037, 270
16.8, 5.24, 90.00000000000001, 270
17.0, 5.24, 90.74074074074075, 270
17.2, 5.24, 95.18518518518519, 270
17.4, 5.24, 91.11111111111113, 270
17.6, 5.24, 91.48148148148148, 270
17.8, 5.24, 92.59259259259258, 270
18.0, 5.24, 94.81481481481481, 270
18.2, 5.24, 89.25925925925925, 270
18.4, 5.24, 90.74074074074075, 270
18.6, 5.24, 93.7037037037037, 270
18.8, 5.24, 93.33333333333333, 270
19.0, 5.24, 94.07407407407408, 270
19.2, 5.24, 93.33333333333333, 270
19.4, 5.24, 92.59259259259258, 270
19.6, 5.24, 93.33333333333333, 270
19.8, 5.24, 92.22222222222223, 270
20.0, 5.24, 90.37037037037037, 270
20.2, 5.24, 91.11111111111113, 270
20.4, 5.24, 86.66666666666669, 270
20.6, 5.24, 88.14814814814814, 270
20.8, 5.24, 85.55555555555557, 270
21.0, 5.24, 77.03703703703705, 270
21.2, 5.24, 69.25925925925924, 270
21.4, 5.24, 50.74074074074074, 270
21.6, 5.24, 33.70370370370372, 270
21.8, 5.24, 17.407407407407405, 270
22.0, 5.24, 10.370370370370368, 270
22.2, 5.24, 8.518518518518517, 270
22.4, 5.24, 5.185185185185186, 270
15.0, 5.764, 2.2222222222222223, 270
15.2, 5.764, 2.9629629629629624, 270
15.4, 5.764, 2.962962962962963, 270
15.6, 5.764, 3.3333333333333335, 270
15.8, 5.764, 8.518518518518517, 270
16.0, 5.764, 29.629629629629637, 270
16.2, 5.764, 59.62962962962964, 270
16.4, 5.764, 87.77777777777777, 270
16.6, 5.764, 90.0, 270
16.8, 5.764, 97.03703703703704, 270
17.0, 5.764, 97.03703703703702, 270
17.2, 5.764, 94.44444444444446, 270
17.4, 5.764, 94.81481481481481, 270
17.6, 5.764, 94.07407407407406, 270
17.8, 5.764, 95.92592592592592, 270
18.0, 5.764, 92.22222222222223, 270
18.2, 5.764, 92.96296296296296, 270
18.4, 5.764, 92.59259259259257, 270
18.6, 5.764, 90.37037037037038, 270
18.8, 5.764, 92.96296296296298, 270
19.0, 5.764, 92.96296296296298, 270
19.2, 5.764, 92.22222222222223, 270
19.4, 5.764, 93.33333333333333, 270
19.6, 5.764, 90.74074074074073, 270
19.8, 5.764, 88.51851851851853, 270
20.0, 5.764, 91.11111111111111, 270
20.2, 5.764, 93.33333333333331, 270
20.4, 5.764, 91.11111111111113, 270
20.6, 5.764, 86.29629629629629, 270
20.8, 5.764, 85.92592592592594, 270
21.0, 5.764, 76.66666666666667, 270
21.2, 5.764, 59.25925925925925, 270
21.4, 5.764, 50.74074074074073, 270
21.6, 5.764, 33.33333333333334, 270
21.8, 5.764, 19.999999999999993, 270
22.0, 5.764, 11.111111111111109, 270
22.2, 5.764, 5.185185185185185, 270
22.4, 5.764, 4.814814814814814, 270
15.0, 6.55, 1.4814814814814818, 270
15.2, 6.55, 2.2222222222222223, 270
15.4, 6.55, 11.481481481481483, 270
15.6, 6.55, 26.29629629629629, 270
15.8, 6.55, 64.81481481481481, 270
16.0, 6.55, 85.18518518518519, 270
16.2, 6.55, 91.11111111111113, 270
16.4, 6.55, 94.07407407407408, 270
16.6, 6.55, 92.96296296296298, 270
16.8, 6.55, 91.11111111111111, 270
17.0, 6.55, 92.96296296296296, 270
17.2, 6.55, 95.55555555555557, 270
17.4, 6.55, 95.18518518518519, 270
17.6, 6.55, 95.55555555555554, 270
17.8, 6.55, 91.85185185185185, 270
18.0, 6.55, 95.55555555555556, 270
18.2, 6.55, 91.85185185185186, 270
18.4, 6.55, 93.7037037037037, 270
18.6, 6.55, 95.92592592592592, 270
18.8, 6.55, 94.07407407407408, 270
19.0, 6.55, 92.5925925925926, 270
19.2, 6.55, 93.70370370370372, 270
19.4, 6.55, 93.33333333333334, 270
19.6, 6.55, 95.92592592592592, 270
19.8, 6.55, 95.92592592592594, 270
20.0, 6.55, 94.44444444444444, 270
20.2, 6.55, 92.5925925925926, 270
20.4, 6.55, 89.62962962962962, 270
20.6, 6.55, 87.40740740740742, 270
20.8, 6.55, 81.85185185185185, 270
21.0, 6.55, 72.22222222222223, 270
21.2, 6.55, 61.111111111111114, 270
21.4, 6.55, 45.55555555555556, 270
21.6, 6.55, 31.48148148148148, 270
21.8, 6.55, 19.999999999999996, 270
22.0, 6.55, 12.592592592592592, 270
22.2, 6.55, 5.925925925925927, 270
22.4, 6.55, 6.296296296296297, 270
15.0, 7.336, 48.148148148148145, 270
15.2, 7.336, 54.81481481481481, 270
15.4, 7.336, 61.481481481481474, 270
15.6, 7.336, 85.55555555555557, 270
15.8, 7.336, 91.85185185185185, 270
16.0, 7.336, 95.18518518518518, 270
16.2, 7.336, 94.44444444444446, 270
16.4, 7.336, 95.55555555555556, 270
16.6, 7.336, 94.07407407407408, 270
16.8, 7.336, 94.07407407407408, 270
17.0, 7.336, 93.70370370370371, 270
17.2, 7.336, 97.77777777777777, 270
17.4, 7.336, 95.55555555555557, 270
17.6, 7.336, 95.18518518518518, 270
17.8, 7.336, 95.55555555555556, 270
18.0, 7.336, 94.44444444444443, 270
18.2, 7.336, 94.07407407407408, 270
18.4, 7.336, 95.55555555555556, 270
18.6, 7.336, 94.81481481481481, 270
18.8, 7.336, 92.22222222222223, 270
19.0, 7.336, 92.59259259259258, 270
19.2, 7.336, 90.37037037037037, 270
19.4, 7.336, 94.07407407407408, 270
19.6, 7.336, 91.85185185185186, 270
19.8, 7.336, 94.8148148148148, 270
20.0, 7.336, 93.70370370370372, 270
20.2, 7.336, 93.70370370370371, 270
20.4, 7.336, 92.96296296296298, 270
20.6, 7.336, 87.77777777777779, 270
20.8, 7.336, 84.44444444444447, 270
21.0, 7.336, 67.03703703703704, 270
21.2, 7.336, 57.40740740740742, 270
21.4, 7.336, 43.33333333333333, 270
21.6, 7.336, 25.925925925925924, 270
21.8, 7.336, 17.777777777777775, 270
22.0, 7.336, 12.222222222222223, 270
22.2, 7.336, 7.777777777777778, 270
22.4, 7.336, 4.4444444444444455, 270
15.0, 8.384, 88.88888888888887, 270
15.2, 8.384, 92.96296296296298, 270
15.4, 8.384, 92.22222222222223, 270
15.6, 8.384, 95.55555555555556, 270
15.8, 8.384, 95.18518518518518, 270
16.0, 8.384, 95.55555555555556, 270
16.2, 8.384, 94.81481481481481, 270
16.4, 8.384, 95.92592592592592, 270
16.6, 8.384, 95.92592592592592, 270
16.8, 8.384, 95.55555555555556, 270
17.0, 8.384, 95.55555555555556, 270
17.2, 8.384, 95.92592592592592, 270
17.4, 8.384, 95.18518518518518, 270
17.6, 8.384, 92.96296296296295, 270
17.8, 8.384, 97.03703703703704, 270
18.0, 8.384, 96.29629629629629, 270
18.2, 8.384, 95.92592592592592, 270
18.4, 8.384, 95.55555555555554, 270
18.6, 8.384, 93.33333333333333, 270
18.8, 8.384, 95.18518518518518, 270
19.0, 8.384, 91.85185185185186, 270
19.2, 8.384, 95.18518518518518, 270
19.4, 8.384, 94.81481481481482, 270
19.6, 8.384, 93.7037037037037, 270
19.8, 8.384, 95.55555555555557, 270
20.0, 8.384, 95.92592592592592, 270
20.2, 8.384, 93.70370370370371, 270
20.4, 8.384, 92.96296296296296, 270
20.6, 8.384, 87.77777777777777, 270
20.8, 8.384, 76.29629629629629, 270
21.0, 8.384, 66.2962962962963, 270
21.2, 8.384, 51.851851851851855, 270
21.4, 8.384, 41.111111111111114, 270
21.6, 8.384, 24.444444444444443, 270
21.8, 8.384, 17.777777777777782, 270
22.0, 8.384, 10.370370370370372, 270
22.2, 8.384, 7.037037037037036, 270
22.4, 8.384, 5.555555555555556, 270
15.0, 9.17, 92.59259259259258, 270
15.2, 9.17, 93.33333333333333, 270
15.4, 9.17, 92.96296296296296, 270
15.6, 9.17, 92.22222222222223, 270
15.8, 9.17, 95.55555555555556, 270
16.0, 9.17, 95.18518518518518, 270
16.2, 9.17, 94.07407407407408, 270
16.4, 9.17, 96.66666666666669, 270
16.6, 9.17, 97.03703703703704, 270
16.8, 9.17, 96.29629629629629, 270
17.0, 9.17, 96.2962962962963, 270
17.2, 9.17, 96.66666666666666, 270
17.4, 9.17, 95.55555555555557, 270
17.6, 9.17, 93.33333333333333, 270
17.8, 9.17, 95.18518518518516, 270
18.0, 9.17, 95.18518518518518, 270
18.2, 9.17, 95.55555555555557, 270
18.4, 9.17, 93.7037037037037, 270
18.6, 9.17, 94.44444444444446, 270
18.8, 9.17, 93.33333333333334, 270
19.0, 9.17, 94.81481481481481, 270
19.2, 9.17, 95.92592592592592, 270
19.4, 9.17, 94.81481481481482, 270
19.6, 9.17, 95.92592592592592, 270
19.8, 9.17, 94.81481481481482, 270
20.0, 9.17, 92.5925925925926, 270
20.2, 9.17, 90.37037037037037, 270
20.4, 9.17, 91.48148148148147, 270
20.6, 9.17, 85.55555555555554, 270
20.8, 9.17, 78.8888888888889, 270
21.0, 9.17, 63.333333333333336, 270
21.2, 9.17, 48.888888888888886, 270
21.4, 9.17, 31.851851851851855, 270
21.6, 9.17, 22.222222222222218, 270
21.8, 9.17, 12.59259259259259, 270
22.0, 9.17, 10.74074074074074, 270
22.2, 9.17, 4.444444444444445, 270
22.4, 9.17, 7.407407407407409, 270
15.0, 10.48, 95.55555555555556, 270
15.2, 10.48, 94.81481481481482, 270
15.4, 10.48, 94.07407407407408, 270
15.6, 10.48, 98.51851851851852, 270
15.8, 10.48, 94.07407407407408, 270
16.0, 10.48, 95.55555555555557, 270
16.2, 10.48, 95.18518518518519, 270
16.4, 10.48, 95.92592592592592, 270
16.6, 10.48, 97.03703703703704, 270
16.8, 10.48, 93.70370370370371, 270
17.0, 10.48, 94.44444444444444, 270
17.2, 10.48, 95.92592592592592, 270
17.4, 10.48, 95.55555555555556, 270
17.6, 10.48, 95.55555555555554, 270
17.8, 10.48, 94.07407407407408, 270
18.0, 10.48, 95.18518518518518, 270
18.2, 10.48, 94.81481481481481, 270
18.4, 10.48, 95.55555555555556, 270
18.6, 10.48, 93.33333333333334, 270
18.8, 10.48, 94.81481481481481, 270
19.0, 10.48, 93.70370370370371, 270
19.2, 10.48, 97.03703703703704, 270
19.4, 10.48, 92.96296296296296, 270
19.6, 10.48, 94.07407407407408, 270
19.8, 10.48, 93.33333333333333, 270
20.0, 10.48, 91.85185185185188, 270
20.2, 10.48, 93.7037037037037, 270
20.4, 10.48, 89.99999999999999, 270
20.6, 10.48, 87.4074074074074, 270
20.8, 10.48, 74.07407407407408, 270
21.0, 10.48, 58.518518518518526, 270
21.2, 10.48, 47.77777777777777, 270
21.4, 10.48, 27.777777777777775, 270
21.6, 10.48, 19.629629629629626, 270
21.8, 10.48, 9.25925925925926, 270
22.0, 10.48, 6.666666666666667, 270
22.2, 10.48, 6.666666666666667, 270
22.4, 10.48, 7.037037037037037, 270
15.0, 11.79, 96.29629629629628, 270
15.2, 11.79, 96.29629629629629, 270
15.4, 11.79, 94.07407407407408, 270
15.6, 11.79, 94.81481481481481, 270
15.8, 11.79, 93.70370370370371, 270
16.0, 11.79, 96.66666666666667, 270
16.2, 11.79, 96.29629629629629, 270
16.4, 11.79, 97.4074074074074, 270
16.6, 11.79, 93.70370370370371, 270
16.8, 11.79, 93.33333333333333, 270
17.0, 11.79, 94.81481481481482, 270
17.2, 11.79, 93.7037037037037, 270
17.4, 11.79, 92.5925925925926, 270
17.6, 11.79, 94.44444444444446, 270
17.8, 11.79, 95.92592592592592, 270
18.0, 11.79, 98.14814814814814, 270
18.2, 11.79, 96.2962962962963, 270
18.4, 11.79, 96.66666666666667, 270
18.6, 11.79, 95.55555555555556, 270
18.8, 11.79, 95.18518518518516, 270
19.0, 11.79, 93.33333333333334, 270
19.2, 11.79, 95.18518518518519, 270
19.4, 11.79, 95.55555555555557, 270
19.6, 11.79, 93.33333333333331, 270
19.8, 11.79, 93.33333333333333, 270
20.0, 11.79, 94.07407407407408, 270
20.2, 11.79, 92.22222222222221, 270
20.4, 11.79, 90.0, 270
20.6, 11.79, 80.74074074074073, 270
20.8, 11.79, 64.07407407407408, 270
21.0, 11.79, 50.74074074074074, 270
21.2, 11.79, 32.96296296296296, 270
21.4, 11.79, 17.77777777777778, 270
21.6, 11.79, 11.851851851851853, 270
21.8, 11.79, 10.74074074074074, 270
22.0, 11.79, 7.4074074074074066, 270
22.2, 11.79, 7.407407407407408, 270
22.4, 11.79, 4.0740740740740735, 270
15.0, 13.1, 95.92592592592592, 270
15.2, 13.1, 96.29629629629629, 270
15.4, 13.1, 96.29629629629629, 270
15.6, 13.1, 96.29629629629629, 270
15.8, 13.1, 94.07407407407408, 270
16.0, 13.1, 96.66666666666667, 270
16.2, 13.1, 96.66666666666669, 270
16.4, 13.1, 94.81481481481481, 270
16.6, 13.1, 95.92592592592592, 270
16.8, 13.1, 97.03703703703704, 270
17.0, 13.1, 94.81481481481482, 270
17.2, 13.1, 95.18518518518518, 270
17.4, 13.1, 95.18518518518518, 270
17.6, 13.1, 94.07407407407408, 270
17.8, 13.1, 95.55555555555554, 270
18.0, 13.1, 95.55555555555556, 270
18.2, 13.1, 95.92592592592592, 270
18.4, 13.1, 94.81481481481482, 270
18.6, 13.1, 94.44444444444443, 270
18.8, 13.1, 95.18518518518518, 270
19.0, 13.1, 94.07407407407408, 270
19.2, 13.1, 96.66666666666667, 270
19.4, 13.1, 94.07407407407408, 270
19.6, 13.1, 94.07407407407408, 270
19.8, 13.1, 94.07407407407408, 270
20.0, 13.1, 95.18518518518518, 270
20.2, 13.1, 94.44444444444443, 270
20.4, 13.1, 88.14814814814817, 270
20.6, 13.1, 79.62962962962963, 270
20.8, 13.1, 59.62962962962964, 270
21.0, 13.1, 42.22222222222222, 270
21.2, 13.1, 26.296296296296298, 270
21.4, 13.1, 17.777777777777775, 270
21.6, 13.1, 11.851851851851851, 270
21.8, 13.1, 10.0, 270
22.0, 13.1, 7.037037037037036, 270
22.2, 13.1, 3.7037037037037046, 270
22.4, 13.1, 5.555555555555555, 270
15.0, 14.672, 94.44444444444443, 270
15.2, 14.672, 94.81481481481482, 270
15.4, 14.672, 93.70370370370372, 270
15.6, 14.672, 94.81481481481481, 270
15.8, 14.672, 95.18518518518519, 270
16.0, 14.672, 95.92592592592592, 270
16.2, 14.672, 94.81481481481482, 270
16.4, 14.672, 94.81481481481481, 270
16.6, 14.672, 95.55555555555554, 270
16.8, 14.672, 96.29629629629629, 270
17.0, 14.672, 96.29629629629629, 270
17.2, 14.672, 96.29629629629629, 270
17.4, 14.672, 96.29629629629629, 270
17.6, 14.672, 97.40740740740742, 270
17.8, 14.672, 96.29629629629629, 270
18.0, 14.672, 97.03703703703704, 270
18.2, 14.672, 94.8148148148148, 270
18.4, 14.672, 94.07407407407408, 270
18.6, 14.672, 96.66666666666667, 270
18.8, 14.672, 93.7037037037037, 270
19.0, 14.672, 94.07407407407408, 270
19.2, 14.672, 92.96296296296296, 270
19.4, 14.672, 97.03703703703704, 270
19.6, 14.672, 93.33333333333333, 270
19.8, 14.672, 95.18518518518518, 270
20.0, 14.672, 92.96296296296296, 270
20.2, 14.672, 90.0, 270
20.4, 14.672, 82.5925925925926, 270
20.6, 14.672, 73.7037037037037, 270
20.8, 14.672, 55.925925925925924, 270
21.0, 14.672, 38.888888888888886, 270
21.2, 14.672, 21.85185185185185, 270
21.4, 14.672, 11.111111111111109, 270
21.6, 14.672, 10.74074074074074, 270
21.8, 14.672, 8.888888888888891, 270
22.0, 14.672, 6.296296296296296, 270
22.2, 14.672, 6.666666666666666, 270
22.4, 14.672, 5.185185185185185, 270
15.0, 16.506, 96.66666666666667, 270
15.2, 16.506, 97.03703703703705, 270
15.4, 16.506, 95.92592592592592, 270
15.6, 16.506, 98.14814814814814, 270
15.8, 16.506, 96.2962962962963, 270
16.0, 16.506, 95.55555555555557, 270
16.2, 16.506, 94.81481481481482, 270
16.4, 16.506, 95.18518518518519, 270
16.6, 16.506, 96.66666666666667, 270
16.8, 16.506, 96.66666666666667, 270
17.0, 16.506, 95.92592592592592, 270
17.2, 16.506, 94.81481481481482, 270
17.4, 16.506, 93.33333333333333, 270
17.6, 16.506, 94.81481481481482, 270
17.8, 16.506, 96.2962962962963, 270
18.0, 16.506, 95.18518518518519, 270
18.2, 16.506, 93.33333333333331, 270
18.4, 16.506, 96.66666666666669, 270
18.6, 16.506, 92.5925925925926, 270
18.8, 16.506, 93.7037037037037, 270
19.0, 16.506, 95.92592592592592, 270
19.2, 16.506, 92.96296296296296, 270
19.4, 16.506, 95.55555555555556, 270
19.6, 16.506, 91.85185185185183, 270
19.8, 16.506, 93.7037037037037, 270
20.0, 16.506, 95.92592592592592, 270
20.2, 16.506, 84.81481481481484, 270
20.4, 16.506, 79.25925925925927, 270
20.6, 16.506, 66.29629629629628, 270
20.8, 16.506, 41.481481481481474, 270
21.0, 16.506, 24.444444444444443, 270
21.2, 16.506, 16.29629629629629, 270
21.4, 16.506, 15.185185185185183, 270
21.6, 16.506, 9.25925925925926, 270
21.8, 16.506, 6.666666666666667, 270
22.0, 16.506, 6.296296296296297, 270
22.2, 16.506, 4.444444444444444, 270
22.4, 16.506, 4.444444444444445, 270
15.0, 18.602, 95.55555555555554, 270
15.2, 18.602, 97.77777777777777, 270
15.4, 18.602, 97.03703703703704, 270
15.6, 18.602, 96.66666666666667, 270
15.8, 18.602, 94.8148148148148, 270
16.0, 18.602, 96.29629629629629, 270
16.2, 18.602, 98.14814814814815, 270
16.4, 18.602, 93.7037037037037, 270
16.6, 18.602, 95.55555555555556, 270
16.8, 18.602, 96.2962962962963, 270
17.0, 18.602, 96.29629629629628, 270
17.2, 18.602, 95.18518518518518, 270
17.4, 18.602, 95.55555555555556, 270
17.6, 18.602, 92.59259259259258, 270
17.8, 18.602, 95.18518518518519, 270
18.0, 18.602, 97.03703703703704, 270
18.2, 18.602, 96.29629629629628, 270
18.4, 18.602, 94.81481481481481, 270
18.6, 18.602, 93.70370370370371, 270
18.8, 18.602, 93.7037037037037, 270
19.0, 18.602, 95.92592592592592, 270
19.2, 18.602, 93.7037037037037, 270
19.4, 18.602, 92.96296296296296, 270
19.6, 18.602, 92.59259259259258, 270
19.8, 18.602, 92.96296296296296, 270
20.0, 18.602, 88.88888888888887, 270
20.2, 18.602, 80.0, 270
20.4, 18.602, 69.25925925925925, 270
20.6, 18.602, 48.518518518518526, 270
20.8, 18.602, 30.370370370370367, 270
21.0, 18.602, 20.370370370370367, 270
21.2, 18.602, 13.703703703703702, 270
21.4, 18.602, 7.777777777777778, 270
21.6, 18.602, 5.925925925925927, 270
21.8, 18.602, 3.7037037037037033, 270
22.0, 18.602, 4.074074074074075, 270
22.2, 18.602, 5.185185185185185, 270
22.4, 18.602, 3.3333333333333335, 270
15.0, 20.698, 95.92592592592592, 270
15.2, 20.698, 96.2962962962963, 270
15.4, 20.698, 98.14814814814815, 270
15.6, 20.698, 97.4074074074074, 270
15.8, 20.698, 97.03703703703705, 270
16.0, 20.698, 94.81481481481481, 270
16.2, 20.698, 97.77777777777779, 270
16.4, 20.698, 95.55555555555557, 270
16.6, 20.698, 96.29629629629629, 270
16.8, 20.698, 95.92592592592592, 270
17.0, 20.698, 95.55555555555556, 270
17.2, 20.698, 94.81481481481481, 270
17.4, 20.698, 94.81481481481481, 270
17.6, 20.698, 97.4074074074074, 270
17.8, 20.698, 97.77777777777777, 270
18.0, 20.698, 89.62962962962962, 270
18.2, 20.698, 94.81481481481482, 270
18.4, 20.698, 96.29629629629629, 270
18.6, 20.698, 95.18518518518518, 270
18.8, 20.698, 94.07407407407408, 270
19.0, 20.698, 91.48148148148148, 270
19.2, 20.698, 94.44444444444444, 270
19.4, 20.698, 92.96296296296298, 270
19.6, 20.698, 92.96296296296298, 270
19.8, 20.698, 92.96296296296296, 270
20.0, 20.698, 85.92592592592592, 270
20.2, 20.698, 75.92592592592592, 270
20.4, 20.698, 57.777777777777764, 270
20.6, 20.698, 41.11111111111111, 270
20.8, 20.698, 24.074074074074073, 270
21.0, 20.698, 14.814814814814817, 270
21.2, 20.698, 8.888888888888888, 270
21.4, 20.698, 7.037037037037037, 270
21.6, 20.698, 4.814814814814816, 270
21.8, 20.698, 4.814814814814816, 270
22.0, 20.698, 2.962962962962963, 270
22.2, 20.698, 3.333333333333333, 270
22.4, 20.698, 6.666666666666666, 270
15.0, 23.318, 96.66666666666666, 270
15.2, 23.318, 96.2962962962963, 270
15.4, 23.318, 96.29629629629629, 270
15.6, 23.318, 94.44444444444446, 270
15.8, 23.318, 95.18518518518519, 270
16.0, 23.318, 98.14814814814814, 270
16.2, 23.318, 96.29629629629629, 270
16.4, 23.318, 97.03703703703704, 270
16.6, 23.318, 97.40740740740742, 270
16.8, 23.318, 95.92592592592592, 270
17.0, 23.318, 95.18518518518519, 270
17.2, 23.318, 95.18518518518519, 270
17.4, 23.318, 97.4074074074074, 270
17.6, 23.318, 94.44444444444446, 270
17.8, 23.318, 94.07407407407408, 270
18.0, 23.318, 96.2962962962963, 270
18.2, 23.318, 96.66666666666667, 270
18.4, 23.318, 94.44444444444444, 270
18.6, 23.318, 95.18518518518519, 270
18.8, 23.318, 94.07407407407408, 270
19.0, 23.318, 93.33333333333334, 270
19.2, 23.318, 93.33333333333333, 270
19.4, 23.318, 93.33333333333333, 270
19.6, 23.318, 92.22222222222221, 270
19.8, 23.318, 89.25925925925927, 270
20.0, 23.318, 73.33333333333333, 270
20.2, 23.318, 60.0, 270
20.4, 23.318, 44.44444444444444, 270
20.6, 23.318, 25.925925925925924, 270
20.8, 23.318, 18.51851851851852, 270
21.0, 23.318, 12.962962962962962, 270
21.2, 23.318, 7.7777777777777795, 270
21.4, 23.318, 7.407407407407409, 270
21.6, 23.318, 7.037037037037036, 270
21.8, 23.318, 3.3333333333333335, 270
22.0, 23.318, 4.0740740740740735, 270
22.2, 23.318, 2.962962962962963, 270
22.4, 23.318, 3.703703703703704, 270
15.0, 26.2, 95.55555555555556, 270
15.2, 26.2, 95.18518518518518, 270
15.4, 26.2, 96.66666666666669, 270
15.6, 26.2, 96.66666666666667, 270
15.8, 26.2, 94.81481481481482, 270
16.0, 26.2, 94.81481481481482, 270
16.2, 26.2, 95.18518518518518, 270
16.4, 26.2, 95.18518518518519, 270
16.6, 26.2, 96.2962962962963, 270
16.8, 26.2, 93.33333333333331, 270
17.0, 26.2, 97.03703703703702, 270
17.2, 26.2, 95.55555555555554, 270
17.4, 26.2, 96.66666666666669, 270
17.6, 26.2, 94.44444444444444, 270
17.8, 26.2, 95.92592592592592, 270
18.0, 26.2, 95.55555555555556, 270
18.2, 26.2, 92.96296296296298, 270
18.4, 26.2, 93.70370370370371, 270
18.6, 26.2, 97.40740740740742, 270
18.8, 26.2, 93.7037037037037, 270
19.0, 26.2, 94.44444444444444, 270
19.2, 26.2, 93.70370370370371, 270
19.4, 26.2, 92.22222222222221, 270
19.6, 26.2, 91.11111111111111, 270
19.8, 26.2, 77.77777777777777, 270
20.0, 26.2, 62.22222222222222, 270
20.2, 26.2, 47.03703703703704, 270
20.4, 26.2, 30.0, 270
20.6, 26.2, 14.444444444444445, 270
20.8, 26.2, 13.333333333333332, 270
21.0, 26.2, 8.888888888888888, 270
21.2, 26.2, 4.814814814814815, 270
21.4, 26.2, 3.3333333333333335, 270
21.6, 26.2, 5.555555555555555, 270
21.8, 26.2, 4.0740740740740735, 270
22.0, 26.2, 1.4814814814814816, 270
22.2, 26.2, 4.0740740740740735, 270
22.4, 26.2, 1.4814814814814818, 270
15.0, 29.344, 96.29629629629629, 108
15.2, 29.344, 97.22222222222221, 108
15.4, 29.344, 96.29629629629629, 108
15.6, 29.344, 95.37037037037037, 108
15.8, 29.344, 96.29629629629628, 108
16.0, 29.344, 97.22222222222221, 108
16.2, 29.344, 99.07407407407408, 108
16.4, 29.344, 94.44444444444444, 108
16.6, 29.344, 94.44444444444443, 108
16.8, 29.344, 98.14814814814815, 108
17.0, 29.344, 93.51851851851852, 108
17.2, 29.344, 96.29629629629629, 108
17.4, 29.344, 98.14814814814814, 108
17.6, 29.344, 99.07407407407408, 108
17.8, 29.344, 95.37037037037037, 108
18.0, 29.344, 97.22222222222221, 108
18.2, 29.344, 92.59259259259258, 108
18.4, 29.344, 96.29629629629629, 108
18.6, 29.344, 99.07407407407408, 108
18.8, 29.344, 94.44444444444444, 108
19.0, 29.344, 94.44444444444444, 108
19.2, 29.344, 92.59259259259258, 108
19.4, 29.344, 90.74074074074073, 108
19.6, 29.344, 79.62962962962962, 108
19.8, 29.344, 72.22222222222223, 108
20.0, 29.344, 54.62962962962962, 108
20.2, 29.344, 37.96296296296297, 108
20.4, 29.344, 16.66666666666666, 108
20.6, 29.344, 9.259259259259256, 108
20.8, 29.344, 11.111111111111109, 108
21.0, 29.344, 6.481481481481479, 108
21.2, 29.344, 7.4074074074074066, 108
21.4, 29.344, 3.7037037037037033, 108
21.6, 29.344, 5.555555555555554, 108
21.8, 29.344, 3.7037037037037033, 108
22.0, 29.344, 4.629629629629629, 108
22.2, 29.344, 2.7777777777777772, 108
22.4, 29.344, 2.7777777777777772, 108
15.0, 33.012, 94.44444444444443, 108
15.2, 33.012, 98.14814814814815, 108
15.4, 33.012, 96.29629629629629, 108
15.6, 33.012, 95.37037037037037, 108
15.8, 33.012, 97.22222222222221, 108
16.0, 33.012, 91.66666666666667, 108
16.2, 33.012, 96.29629629629629, 108
16.4, 33.012, 98.14814814814814, 108
16.6, 33.012, 100.0, 108
16.8, 33.012, 96.29629629629628, 108
17.0, 33.012, 96.29629629629629, 108
17.2, 33.012, 96.29629629629629, 108
17.4, 33.012, 93.5185185185185, 108
17.6, 33.012, 93.51851851851852, 108
17.8, 33.012, 95.37037037037038, 108
18.0, 33.012, 97.22222222222223, 108
18.2, 33.012, 93.51851851851852, 108
18.4, 33.012, 100.0, 108
18.6, 33.012, 91.66666666666667, 108
18.8, 33.012, 96.29629629629629, 108
19.0, 33.012, 96.29629629629629, 108
19.2, 33.012, 92.59259259259258, 108
19.4, 33.012, 85.18518518518518, 108
19.6, 33.012, 77.77777777777777, 108
19.8, 33.012, 46.2962962962963, 108
20.0, 33.012, 35.18518518518519, 108
20.2, 33.012, 24.07407407407407, 108
20.4, 33.012, 14.814814814814817, 108
20.6, 33.012, 13.888888888888886, 108
20.8, 33.012, 5.555555555555554, 108
21.0, 33.012, 2.7777777777777772, 108
21.2, 33.012, 0.9259259259259258, 108
21.4, 33.012, 5.555555555555554, 108
21.6, 33.012, 6.48148148148148, 108
21.8, 33.012, 4.629629629629629, 108
22.0, 33.012, 0.9259259259259258, 108
22.2, 33.012, 1.8518518518518516, 108
22.4, 33.012, 3.7037037037037033, 108
15.0, 36.942, 97.22222222222221, 108
15.2, 36.942, 96.29629629629628, 108
15.4, 36.942, 99.07407407407408, 108
15.6, 36.942, 94.44444444444444, 108
15.8, 36.942, 96.29629629629629, 108
16.0, 36.942, 98.14814814814814, 108
16.2, 36.942, 97.22222222222221, 108
16.4, 36.942, 98.14814814814815, 108
16.6, 36.942, 98.14814814814814, 108
16.8, 36.942, 97.22222222222223, 108
17.0, 36.942, 97.22222222222223, 108
17.2, 36.942, 96.29629629629629, 108
17.4, 36.942, 96.2962962962963, 108
17.6, 36.942, 97.22222222222223, 108
17.8, 36.942, 98.14814814814814, 108
18.0, 36.942, 93.5185185185185, 108
18.2, 36.942, 91.66666666666666, 108
18.4, 36.942, 96.29629629629628, 108
18.6, 36.942, 93.51851851851852, 108
18.8, 36.942, 97.22222222222223, 108
19.0, 36.942, 89.81481481481482, 108
19.2, 36.942, 86.11111111111111, 108
19.4, 36.942, 75.0, 108
19.6, 36.942, 51.85185185185185, 108
19.8, 36.942, 29.629629629629633, 108
20.0, 36.942, 28.70370370370371, 108
20.2, 36.942, 15.74074074074074, 108
20.4, 36.942, 9.259259259259258, 108
20.6, 36.942, 10.185185185185183, 108
20.8, 36.942, 2.7777777777777772, 108
21.0, 36.942, 5.5555555555555545, 108
21.2, 36.942, 4.629629629629629, 108
21.4, 36.942, 5.5555555555555545, 108
21.6, 36.942, 4.629629629629629, 108
21.8, 36.942, 2.7777777777777772, 108
22.0, 36.942, 2.7777777777777772, 108
22.2, 36.942, 7.407407407407405, 108
22.4, 36.942, 3.7037037037037033, 108
15.0, 41.396, 93.51851851851852, 108
15.2, 41.396, 98.14814814814814, 108
15.4, 41.396, 95.37037037037037, 108
15.6, 41.396, 96.29629629629629, 108
15.8, 41.396, 98.14814814814814, 108
16.0, 41.396, 94.44444444444444, 108
16.2, 41.396, 97.22222222222221, 108
16.4, 41.396, 97.22222222222223, 108
16.6, 41.396, 96.29629629629629, 108
16.8, 41.396, 96.29629629629629, 108
17.0, 41.396, 95.37037037037037, 108
17.2, 41.396, 98.14814814814814, 108
17.4, 41.396, 95.37037037037038, 108
17.6, 41.396, 95.37037037037038, 108
17.8, 41.396, 94.44444444444443, 108
18.0, 41.396, 94.44444444444446, 108
18.2, 41.396, 97.22222222222223, 108
18.4, 41.396, 96.29629629629628, 108
18.6, 41.396, 97.22222222222221, 108
18.8, 41.396, 93.5185185185185, 108
19.0, 41.396, 83.33333333333333, 108
19.2, 41.396, 70.37037037037038, 108
19.4, 41.396, 57.40740740740742, 108
19.6, 41.396, 35.18518518518519, 108
19.8, 41.396, 30.555555555555557, 108
20.0, 41.396, 17.59259259259259, 108
20.2, 41.396, 10.185185185185183, 108
20.4, 41.396, 7.407407407407405, 108
20.6, 41.396, 7.4074074074074066, 108
20.8, 41.396, 4.629629629629629, 108
21.0, 41.396, 6.481481481481479, 108
21.2, 41.396, 2.7777777777777772, 108
21.4, 41.396, 5.555555555555554, 108
21.6, 41.396, 4.629629629629629, 108
21.8, 41.396, 6.48148148148148, 108
22.0, 41.396, 1.8518518518518516, 108
22.2, 41.396, 4.629629629629629, 108
22.4, 41.396, 0.0, 108
15.0, 46.636, 96.29629629629629, 108
15.2, 46.636, 94.44444444444443, 108
15.4, 46.636, 96.29629629629629, 108
15.6, 46.636, 94.44444444444443, 108
15.8, 46.636, 94.44444444444444, 108
16.0, 46.636, 96.29629629629629, 108
16.2, 46.636, 97.22222222222221, 108
16.4, 46.636, 99.07407407407408, 108
16.6, 46.636, 95.37037037037037, 108
16.8, 46.636, 96.29629629629629, 108
17.0, 46.636, 97.22222222222223, 108
17.2, 46.636, 97.22222222222223, 108
17.4, 46.636, 97.22222222222223, 108
17.6, 46.636, 98.14814814814814, 108
17.8, 46.636, 96.29629629629629, 108
18.0, 46.636, 94.44444444444443, 108
18.2, 46.636, 98.14814814814814, 108
18.4, 46.636, 92.5925925925926, 108
18.6, 46.636, 91.66666666666667, 108
18.8, 46.636, 88.88888888888889, 108
19.0, 46.636, 80.55555555555556, 108
19.2, 46.636, 54.629629629629626, 108
19.4, 46.636, 32.40740740740741, 108
19.6, 46.636, 25.925925925925924, 108
19.8, 46.636, 16.666666666666664, 108
20.0, 46.636, 10.185185185185183, 108
20.2, 46.636, 9.259259259259258, 108
20.4, 46.636, 2.7777777777777772, 108
20.6, 46.636, 10.185185185185183, 108
20.8, 46.636, 3.7037037037037033, 108
21.0, 46.636, 4.629629629629629, 108
21.2, 46.636, 4.629629629629629, 108
21.4, 46.636, 1.8518518518518516, 108
21.6, 46.636, 7.4074074074074066, 108
21.8, 46.636, 2.7777777777777772, 108
22.0, 46.636, 2.7777777777777772, 108
22.2, 46.636, 0.0, 108
22.4, 46.636, 0.0, 108
15.0, 52.4, 94.44444444444444, 54
15.2, 52.4, 100.0, 54
15.4, 52.4, 94.44444444444446, 54
15.6, 52.4, 98.14814814814815, 54
15.8, 52.4, 100.0, 54
16.0, 52.4, 100.0, 54
16.2, 52.4, 100.0, 54
16.4, 52.4, 92.5925925925926, 54
16.6, 52.4, 94.44444444444444, 54
16.8, 52.4, 96.29629629629629, 108
17.0, 52.4, 96.29629629629628, 108
17.2, 52.4, 95.37037037037037, 108
17.4, 52.4, 97.22222222222221, 108
17.6, 52.4, 97.22222222222223, 108
17.8, 52.4, 96.29629629629629, 108
18.0, 52.4, 94.44444444444443, 108
18.2, 52.4, 93.51851851851852, 108
18.4, 52.4, 91.66666666666667, 108
18.6, 52.4, 92.59259259259258, 108
18.8, 52.4, 87.03703703703704, 108
19.0, 52.4, 66.66666666666669, 108
19.2, 52.4, 49.07407407407407, 108
19.4, 52.4, 20.370370370370367, 108
19.6, 52.4, 12.96296296296296, 108
19.8, 52.4, 15.740740740740737, 108
20.0, 52.4, 9.259259259259258, 108
20.2, 52.4, 5.555555555555554, 108
20.4, 52.4, 7.407407407407405, 108
20.6, 52.4, 7.4074074074074066, 108
20.8, 52.4, 2.7777777777777772, 108
21.0, 52.4, 3.7037037037037033, 108
21.2, 52.4, 2.7777777777777772, 108
21.4, 52.4, 4.629629629629629, 108
21.6, 52.4, 4.629629629629629, 108
21.8, 52.4, 0.0, 108
22.0, 52.4, 0.0, 108
22.2, 52.4, 0.0, 108
22.4, 52.4, 0.0, 108
15.0, 58.688, 96.2962962962963, 54
15.2, 58.688, 92.59259259259258, 54
15.4, 58.688, 96.2962962962963, 54
15.6, 58.688, 96.2962962962963, 54
15.8, 58.688, 100.0, 54
16.0, 58.688, 98.14814814814815, 54
16.2, 58.688, 98.14814814814815, 54
16.4, 58.688, 94.44444444444444, 54
16.6, 58.688, 96.2962962962963, 54
16.8, 58.688, 95.37037037037037, 108
17.0, 58.688, 93.5185185185185, 108
17.2, 58.688, 99.07407407407408, 108
17.4, 58.688, 96.29629629629628, 108
17.6, 58.688, 98.14814814814815, 108
17.8, 58.688, 97.22222222222221, 108
18.0, 58.688, 95.37037037037038, 108
18.2, 58.688, 94.44444444444443, 108
18.4, 58.688, 89.81481481481481, 108
18.6, 58.688, 83.33333333333331, 108
18.8, 58.688, 62.96296296296296, 108
19.0, 58.688, 57.407407407407405, 108
19.2, 58.688, 17.592592592592595, 108
19.4, 58.688, 17.592592592592595, 108
19.6, 58.688, 17.59259259259259, 108
19.8, 58.688, 9.259259259259256, 108
20.0, 58.688, 3.7037037037037033, 108
20.2, 58.688, 5.5555555555555545, 108
20.4, 58.688, 6.481481481481479, 108
20.6, 58.688, 2.7777777777777772, 108
20.8, 58.688, 0.9259259259259258, 108
21.0, 58.688, 3.7037037037037033, 108
21.2, 58.688, 3.7037037037037033, 108
21.4, 58.688, 2.7777777777777772, 108
21.6, 58.688, 0.0, 108
21.8, 58.688, 0.0, 108
22.0, 58.688, 0.0, 108
22.2, 58.688, 0.0, 108
22.4, 58.688, 0.0, 108
15.0, 65.762, 100.0, 54
15.2, 65.762, 100.0, 54
15.4, 65.762, 96.29629629629629, 54
15.6, 65.762, 98.14814814814815, 54
15.8, 65.762, 100.0, 54
16.0, 65.762, 98.14814814814815, 54
16.2, 65.762, 94.44444444444446, 54
16.4, 65.762, 94.44444444444444, 54
16.6, 65.762, 98.14814814814815, 54
16.8, 65.762, 96.29629629629629, 108
17.0, 65.762, 97.22222222222223, 108
17.2, 65.762, 98.14814814814814, 108
17.4, 65.762, 95.37037037037037, 108
17.6, 65.762, 96.29629629629629, 108
17.8, 65.762, 97.22222222222221, 108
18.0, 65.762, 92.59259259259258, 108
18.2, 65.762, 91.66666666666667, 108
18.4, 65.762, 78.70370370370368, 108
18.6, 65.762, 71.2962962962963, 108
18.8, 65.762, 35.185185185185176, 108
19.0, 65.762, 21.29629629629629, 108
19.2, 65.762, 25.925925925925924, 108
19.4, 65.762, 11.111111111111109, 108
19.6, 65.762, 6.481481481481481, 108
19.8, 65.762, 14.814814814814813, 108
20.0, 65.762, 6.481481481481479, 108
20.2, 65.762, 2.7777777777777772, 108
20.4, 65.762, 1.8518518518518516, 108
20.6, 65.762, 6.481481481481479, 108
20.8, 65.762, 6.481481481481481, 108
21.0, 65.762, 1.8518518518518516, 108
21.2, 65.762, 1.8518518518518516, 108
21.4, 65.762, 0.0, 108
21.6, 65.762, 0.0, 108
21.8, 65.762, 0.0, 108
22.0, 65.762, 0.0, 108
22.2, 65.762, 0.0, 108
22.4, 65.762, 0.0, 108
15.0, 73.884, 98.14814814814815, 54
15.2, 73.884, 96.2962962962963, 54
15.4, 73.884, 98.14814814814815, 54
15.6, 73.884, 96.2962962962963, 54
15.8, 73.884, 96.2962962962963, 54
16.0, 73.884, 92.5925925925926, 54
16.2, 73.884, 98.14814814814815, 54
16.4, 73.884, 100.0, 54
16.6, 73.884, 96.2962962962963, 54
16.8, 73.884, 99.07407407407408, 108
17.0, 73.884, 98.14814814814814, 108
17.2, 73.884, 95.37037037037037, 108
17.4, 73.884, 97.22222222222221, 108
17.6, 73.884, 96.29629629629629, 108
17.8, 73.884, 94.44444444444443, 108
18.0, 73.884, 89.81481481481481, 108
18.2, 73.884, 83.33333333333333, 108
18.4, 73.884, 69.44444444444444, 108
18.6, 73.884, 41.66666666666667, 108
18.8, 73.884, 28.703703703703702, 108
19.0, 73.884, 16.66666666666666, 108
19.2, 73.884, 10.185185185185183, 108
19.4, 73.884, 6.481481481481481, 108
19.6, 73.884, 7.4074074074074066, 108
19.8, 73.884, 4.629629629629629, 108
20.0, 73.884, 1.8518518518518516, 108
20.2, 73.884, 2.7777777777777772, 108
20.4, 73.884, 6.481481481481479, 108
20.6, 73.884, 3.7037037037037033, 108
20.8, 73.884, 4.629629629629629, 108
21.0, 73.884, 5.5555555555555545, 108
21.2, 73.884, 0.0, 108
21.4, 73.884, 0.0, 108
21.6, 73.884, 0.0, 108
21.8, 73.884, 0.0, 108
22.0, 73.884, 0.0, 108
22.2, 73.884, 0.0, 108
22.4, 73.884, 0.0, 108
15.0, 82.792, 100.0, 54
15.2, 82.792, 94.44444444444444, 54
15.4, 82.792, 98.14814814814815, 54
15.6, 82.792, 96.29629629629629, 54
15.8, 82.792, 100.0, 54
16.0, 82.792, 96.2962962962963, 54
16.2, 82.792, 100.0, 54
16.4, 82.792, 96.29629629629629, 54
16.6, 82.792, 100.0, 54
16.8, 82.792, 97.22222222222221, 108
17.0, 82.792, 95.37037037037037, 108
17.2, 82.792, 96.29629629629629, 108
17.4, 82.792, 95.37037037037037, 108
17.6, 82.792, 93.51851851851852, 108
17.8, 82.792, 91.66666666666667, 108
18.0, 82.792, 87.03703703703702, 108
18.2, 82.792, 67.59259259259258, 108
18.4, 82.792, 37.03703703703704, 108
18.6, 82.792, 29.629629629629633, 108
18.8, 82.792, 16.66666666666666, 108
19.0, 82.792, 13.888888888888886, 108
19.2, 82.792, 11.111111111111109, 108
19.4, 82.792, 5.555555555555554, 108
19.6, 82.792, 6.481481481481481, 108
19.8, 82.792, 6.481481481481481, 108
20.0, 82.792, 6.481481481481481, 108
20.2, 82.792, 2.7777777777777772, 108
20.4, 82.792, 3.7037037037037033, 108
20.6, 82.792, 1.8518518518518516, 108
20.8, 82.792, 0.0, 108
21.0, 82.792, 0.0, 108
21.2, 82.792, 0.0, 108
21.4, 82.792, 0.0, 108
21.6, 82.792, 0.0, 108
21.8, 82.792, 0.0, 108
22.0, 82.792, 0.0, 108
22.2, 82.792, 0.0, 108
22.4, 82.792, 0.0, 108
15.0, 93.01, 98.14814814814815, 54
15.2, 93.01, 96.2962962962963, 54
15.4, 93.01, 98.14814814814815, 54
15.6, 93.01, 98.14814814814815, 54
15.8, 93.01, 98.14814814814815, 54
16.0, 93.01, 96.2962962962963, 54
16.2, 93.01, 96.2962962962963, 54
16.4, 93.01, 96.2962962962963, 54
16.6, 93.01, 92.59259259259258, 54
16.8, 93.01, 97.22222222222221, 108
17.0, 93.01, 90.74074074074072, 108
17.2, 93.01, 94.44444444444444, 108
17.4, 93.01, 91.66666666666667, 108
17.6, 93.01, 93.5185185185185, 108
17.8, 93.01, 86.11111111111111, 108
18.0, 93.01, 63.8888888888889, 108
18.2, 93.01, 45.37037037037037, 108
18.4, 93.01, 36.11111111111111, 108
18.6, 93.01, 15.740740740740737, 108
18.8, 93.01, 12.037037037037033, 108
19.0, 93.01, 8.333333333333332, 108
19.2, 93.01, 6.48148148148148, 108
19.4, 93.01, 10.185185185185183, 108
19.6, 93.01, 6.481481481481481, 108
19.8, 93.01, 3.7037037037037033, 108
20.0, 93.01, 4.629629629629629, 108
20.2, 93.01, 1.8518518518518516, 108
20.4, 93.01, 0.0, 108
20.6, 93.01, 0.0, 108
20.8, 93.01, 0.0, 108
21.0, 93.01, 0.0, 108
21.2, 93.01, 0.0, 108
21.4, 93.01, 0.0, 108
21.6, 93.01, 0.0, 108
21.8, 93.01, 0.0, 108
22.0, 93.01, 0.0, 108
22.2, 93.01, 0.0, 108
22.4, 93.01, 0.0, 108
15.0, 104.276, 96.29629629629629, 54
15.2, 104.276, 92.59259259259258, 54
15.4, 104.276, 98.14814814814815, 54
15.6, 104.276, 98.14814814814815, 54
15.8, 104.276, 94.44444444444444, 54
16.0, 104.276, 98.14814814814815, 54
16.2, 104.276, 92.5925925925926, 54
16.4, 104.276, 92.5925925925926, 54
16.6, 104.276, 100.0, 54
16.8, 104.276, 100.0, 108
17.0, 104.276, 95.37037037037037, 108
17.2, 104.276, 92.59259259259258, 108
17.4, 104.276, 92.59259259259258, 108
17.6, 104.276, 82.4074074074074, 108
17.8, 104.276, 60.18518518518518, 108
18.0, 104.276, 34.259259259259245, 108
18.2, 104.276, 28.70370370370371, 108
18.4, 104.276, 16.666666666666664, 108
18.6, 104.276, 16.666666666666668, 108
18.8, 104.276, 8.333333333333332, 108
19.0, 104.276, 3.7037037037037033, 108
19.2, 104.276, 3.7037037037037033, 108
19.4, 104.276, 1.8518518518518516, 108
19.6, 104.276, 3.7037037037037033, 108
19.8, 104.276, 0.9259259259259258, 108
20.0, 104.276, 2.7777777777777772, 108
20.2, 104.276, 3.7037037037037033, 108
20.4, 104.276, 0.0, 108
20.6, 104.276, 0.0, 108
20.8, 104.276, 0.0, 108
21.0, 104.276, 0.0, 108
21.2, 104.276, 0.0, 108
21.4, 104.276, 0.0, 108
21.6, 104.276, 0.0, 108
21.8, 104.276, 0.0, 108
22.0, 104.276, 0.0, 108
22.2, 104.276, 0.0, 108
22.4, 104.276, 0.0, 108
15.0, 117.114, 100.0, 54
15.2, 117.114, 100.0, 54
15.4, 117.114, 96.2962962962963, 54
15.6, 117.114, 96.2962962962963, 54
15.8, 117.114, 98.14814814814815, 54
16.0, 117.114, 92.5925925925926, 54
16.2, 117.114, 98.14814814814815, 54
16.4, 117.114, 100.0, 54
16.6, 117.114, 92.5925925925926, 54
16.8, 117.114, 100.0, 54
17.0, 117.114, 96.2962962962963, 54
17.2, 117.114, 96.2962962962963, 54
17.4, 117.114, 81.4814814814815, 54
17.6, 117.114, 81.48148148148148, 54
17.8, 117.114, 42.59259259259259, 54
18.0, 117.114, 33.33333333333333, 54
18.2, 117.114, 18.51851851851852, 54
18.4, 117.114, 3.7037037037037033, 54
18.6, 117.114, 11.111111111111109, 54
18.8, 117.114, 5.5555555555555545, 54
19.0, 117.114, 1.8518518518518516, 54
19.2, 117.114, 1.8518518518518516, 54
19.4, 117.114, 5.5555555555555545, 54
19.6, 117.114, 7.4074074074074066, 54
19.8, 117.114, 1.8518518518518516, 54
20.0, 117.114, 7.4074074074074066, 54
20.2, 117.114, 0.0, 54
20.4, 117.114, 0.0, 54
20.6, 117.114, 0.0, 54
20.8, 117.114, 0.0, 54
21.0, 117.114, 0.0, 54
21.2, 117.114, 0.0, 54
21.4, 117.114, 0.0, 54
21.6, 117.114, 0.0, 54
21.8, 117.114, 0.0, 54
22.0, 117.114, 0.0, 54
22.2, 117.114, 0.0, 54
22.4, 117.114, 0.0, 54
15.0, 131.262, 100.0, 54
15.2, 131.262, 96.29629629629629, 54
15.4, 131.262, 96.2962962962963, 54
15.6, 131.262, 98.14814814814815, 54
15.8, 131.262, 98.14814814814815, 54
16.0, 131.262, 100.0, 54
16.2, 131.262, 94.44444444444444, 54
16.4, 131.262, 96.2962962962963, 54
16.6, 131.262, 98.14814814814815, 54
16.8, 131.262, 92.59259259259258, 54
17.0, 131.262, 98.14814814814815, 54
17.2, 131.262, 88.8888888888889, 54
17.4, 131.262, 59.25925925925927, 54
17.6, 131.262, 50.0, 54
17.8, 131.262, 27.777777777777764, 54
18.0, 131.262, 16.666666666666664, 54
18.2, 131.262, 11.111111111111107, 54
18.4, 131.262, 5.5555555555555545, 54
18.6, 131.262, 5.5555555555555545, 54
18.8, 131.262, 7.4074074074074066, 54
19.0, 131.262, 7.4074074074074066, 54
19.2, 131.262, 7.4074074074074066, 54
19.4, 131.262, 1.8518518518518516, 54
19.6, 131.262, 3.7037037037037033, 54
19.8, 131.262, 0.0, 54
20.0, 131.262, 0.0, 54
20.2, 131.262, 0.0, 54
20.4, 131.262, 0.0, 54
20.6, 131.262, 0.0, 54
20.8, 131.262, 0.0, 54
21.0, 131.262, 0.0, 54
21.2, 131.262, 0.0, 54
21.4, 131.262, 0.0, 54
21.6, 131.262, 0.0, 54
21.8, 131.262, 0.0, 54
22.0, 131.262, 0.0, 54
22.2, 131.262, 0.0, 54
22.4, 131.262, 0.0, 54
15.0, 147.244, 100.0, 54
15.2, 147.244, 94.44444444444446, 54
15.4, 147.244, 98.14814814814815, 54
15.6, 147.244, 96.2962962962963, 54
15.8, 147.244, 98.14814814814815, 54
16.0, 147.244, 100.0, 54
16.2, 147.244, 98.14814814814815, 54
16.4, 147.244, 100.0, 54
16.6, 147.244, 96.2962962962963, 54
16.8, 147.244, 90.74074074074075, 54
17.0, 147.244, 85.18518518518519, 54
17.2, 147.244, 66.66666666666669, 54
17.4, 147.244, 46.29629629629629, 54
17.6, 147.244, 31.48148148148148, 54
17.8, 147.244, 16.66666666666666, 54
18.0, 147.244, 14.814814814814813, 54
18.2, 147.244, 5.5555555555555545, 54
18.4, 147.244, 12.962962962962958, 54
18.6, 147.244, 7.4074074074074066, 54
18.8, 147.244, 1.8518518518518516, 54
19.0, 147.244, 1.8518518518518516, 54
19.2, 147.244, 7.4074074074074066, 54
19.4, 147.244, 7.4074074074074066, 54
19.6, 147.244, 0.0, 54
19.8, 147.244, 0.0, 54
20.0, 147.244, 0.0, 54
20.2, 147.244, 0.0, 54
20.4, 147.244, 0.0, 54
20.6, 147.244, 0.0, 54
20.8, 147.244, 0.0, 54
21.0, 147.244, 0.0, 54
21.2, 147.244, 0.0, 54
21.4, 147.244, 0.0, 54
21.6, 147.244, 0.0, 54
21.8, 147.244, 0.0, 54
22.0, 147.244, 0.0, 54
22.2, 147.244, 0.0, 54
22.4, 147.244, 0.0, 54
15.0, 165.322, 98.14814814814815, 54
15.2, 165.322, 98.14814814814815, 54
15.4, 165.322, 98.14814814814815, 54
15.6, 165.322, 96.2962962962963, 54
15.8, 165.322, 94.44444444444444, 54
16.0, 165.322, 96.2962962962963, 54
16.2, 165.322, 98.14814814814815, 54
16.4, 165.322, 96.29629629629629, 54
16.6, 165.322, 90.74074074074075, 54
16.8, 165.322, 92.5925925925926, 54
17.0, 165.322, 50.0, 54
17.2, 165.322, 44.44444444444443, 54
17.4, 165.322, 27.77777777777777, 54
17.6, 165.322, 18.51851851851852, 54
17.8, 165.322, 16.666666666666664, 54
18.0, 165.322, 14.814814814814813, 54
18.2, 165.322, 3.7037037037037033, 54
18.4, 165.322, 7.4074074074074066, 54
18.6, 165.322, 1.8518518518518516, 54
18.8, 165.322, 7.4074074074074066, 54
19.0, 165.322, 3.7037037037037033, 54
19.2, 165.322, 7.4074074074074066, 54
19.4, 165.322, 0.0, 54
19.6, 165.322, 0.0, 54
19.8, 165.322, 0.0, 54
20.0, 165.322, 0.0, 54
20.2, 165.322, 0.0, 54
20.4, 165.322, 0.0, 54
20.6, 165.322, 0.0, 54
20.8, 165.322, 0.0, 54
21.0, 165.322, 0.0, 54
21.2, 165.322, 0.0, 54
21.4, 165.322, 0.0, 54
21.6, 165.322, 0.0, 54
21.8, 165.322, 0.0, 54
22.0, 165.322, 0.0, 54
22.2, 165.322, 0.0, 54
22.4, 165.322, 0.0, 54
15.0, 185.496, 100.0, 36
15.2, 185.496, 97.22222222222223, 36
15.4, 185.496, 100.0, 36
15.6, 185.496, 91.66666666666667, 36
15.8, 185.496, 94.44444444444444, 36
16.0, 185.496, 91.66666666666667, 36
16.2, 185.496, 97.22222222222223, 36
16.4, 185.496, 94.44444444444444, 36
16.6, 185.496, 80.55555555555556, 36
16.8, 185.496, 51.85185185185184, 54
17.0, 185.496, 51.85185185185184, 54
17.2, 185.496, 24.074074074074066, 54
17.4, 185.496, 14.814814814814813, 54
17.6, 185.496, 11.111111111111109, 54
17.8, 185.496, 12.962962962962962, 54
18.0, 185.496, 9.259259259259258, 54
18.2, 185.496, 1.8518518518518516, 54
18.4, 185.496, 1.8518518518518516, 54
18.6, 185.496, 7.4074074074074066, 54
18.8, 185.496, 1.8518518518518516, 54
19.0, 185.496, 1.8518518518518516, 54
19.2, 185.496, 0.0, 54
19.4, 185.496, 0.0, 54
19.6, 185.496, 0.0, 54
19.8, 185.496, 0.0, 54
20.0, 185.496, 0.0, 54
20.2, 185.496, 0.0, 54
20.4, 185.496, 0.0, 54
20.6, 185.496, 0.0, 54
20.8, 185.496, 0.0, 54
21.0, 185.496, 0.0, 54
21.2, 185.496, 0.0, 54
21.4, 185.496, 0.0, 54
21.6, 185.496, 0.0, 54
21.8, 185.496, 0.0, 54
22.0, 185.496, 0.0, 54
22.2, 185.496, 0.0, 54
22.4, 185.496, 0.0, 54
15.0, 208.028, 100.0, 36
15.2, 208.028, 97.22222222222223, 36
15.4, 208.028, 97.22222222222223, 36
15.6, 208.028, 100.0, 36
15.8, 208.028, 97.22222222222223, 36
16.0, 208.028, 97.22222222222223, 36
16.2, 208.028, 97.22222222222223, 36
16.4, 208.028, 88.88888888888889, 36
16.6, 208.028, 63.888888888888886, 36
16.8, 208.028, 33.333333333333336, 54
17.0, 208.028, 33.33333333333333, 54
17.2, 208.028, 25.92592592592592, 54
17.4, 208.028, 5.5555555555555545, 54
17.6, 208.028, 18.518518518518512, 54
17.8, 208.028, 9.259259259259258, 54
18.0, 208.028, 7.4074074074074066, 54
18.2, 208.028, 0.0, 54
18.4, 208.028, 5.5555555555555545, 54
18.6, 208.028, 0.0, 54
18.8, 208.028, 0.0, 54
19.0, 208.028, 0.0, 54
19.2, 208.028, 0.0, 54
19.4, 208.028, 0.0, 54
19.6, 208.028, 0.0, 54
19.8, 208.028, 0.0, 54
20.0, 208.028, 0.0, 54
20.2, 208.028, 0.0, 54
20.4, 208.028, 0.0, 54
20.6, 208.028, 0.0, 54
20.8, 208.028, 0.0, 54
21.0, 208.028, 0.0, 54
21.2, 208.028, 0.0, 54
21.4, 208.028, 0.0, 54
21.6, 208.028, 0.0, 54
21.8, 208.028, 0.0, 54
22.0, 208.028, 0.0, 54
22.2, 208.028, 0.0, 54
22.4, 208.028, 0.0, 54
15.0, 233.442, 97.22222222222223, 36
15.2, 233.442, 100.0, 36
15.4, 233.442, 94.44444444444444, 36
15.6, 233.442, 100.0, 36
15.8, 233.442, 94.44444444444444, 36
16.0, 233.442, 91.66666666666667, 36
16.2, 233.442, 72.22222222222223, 36
16.4, 233.442, 61.111111111111114, 36
16.6, 233.442, 61.111111111111114, 36
16.8, 233.442, 27.77777777777777, 54
17.0, 233.442, 11.111111111111107, 54
17.2, 233.442, 7.4074074074074066, 54
17.4, 233.442, 11.111111111111107, 54
17.6, 233.442, 9.259259259259258, 54
17.8, 233.442, 5.5555555555555545, 54
18.0, 233.442, 7.4074074074074066, 54
18.2, 233.442, 1.8518518518518516, 54
18.4, 233.442, 1.8518518518518516, 54
18.6, 233.442, 0.0, 54
18.8, 233.442, 0.0, 54
19.0, 233.442, 0.0, 54
19.2, 233.442, 0.0, 54
19.4, 233.442, 0.0, 54
19.6, 233.442, 0.0, 54
19.8, 233.442, 0.0, 54
20.0, 233.442, 0.0, 54
20.2, 233.442, 0.0, 54
20.4, 233.442, 0.0, 54
20.6, 233.442, 0.0, 54
20.8, 233.442, 0.0, 54
21.0, 233.442, 0.0, 54
21.2, 233.442, 0.0, 54
21.4, 233.442, 0.0, 54
21.6, 233.442, 0.0, 54
21.8, 233.442, 0.0, 54
22.0, 233.442, 0.0, 54
22.2, 233.442, 0.0, 54
22.4, 233.442, 0.0, 54
15.0, 262.0, 100.0, 36
15.2, 262.0, 97.22222222222223, 36
15.4, 262.0, 100.0, 36
15.6, 262.0, 100.0, 36
15.8, 262.0, 94.44444444444444, 36
16.0, 262.0, 86.11111111111111, 36
16.2, 262.0, 52.77777777777778, 36
16.4, 262.0, 44.44444444444444, 36
16.6, 262.0, 22.22222222222222, 36
16.8, 262.0, 16.66666666666666, 54
17.0, 262.0, 7.4074074074074066, 54
17.2, 262.0, 11.111111111111107, 54
17.4, 262.0, 11.111111111111107, 54
17.6, 262.0, 1.8518518518518516, 54
17.8, 262.0, 3.7037037037037033, 54
18.0, 262.0, 1.8518518518518516, 54
18.2, 262.0, 3.7037037037037033, 54
18.4, 262.0, 0.0, 54
18.6, 262.0, 0.0, 54
18.8, 262.0, 0.0, 54
19.0, 262.0, 0.0, 54
19.2, 262.0, 0.0, 54
19.4, 262.0, 0.0, 54
19.6, 262.0, 0.0, 54
19.8, 262.0, 0.0, 54
20.0, 262.0, 0.0, 54
20.2, 262.0, 0.0, 54
20.4, 262.0, 0.0, 54
20.6, 262.0, 0.0, 54
20.8, 262.0, 0.0, 54
21.0, 262.0, 0.0, 54
21.2, 262.0, 0.0, 54
21.4, 262.0, 0.0, 54
21.6, 262.0, 0.0, 54
21.8, 262.0, 0.0, 54
22.0, 262.0, 0.0, 54
22.2, 262.0, 0.0, 54
22.4, 262.0, 0.0, 54
15.0, 293.964, 100.0, 36
15.2, 293.964, 100.0, 36
15.4, 293.964, 97.22222222222223, 36
15.6, 293.964, 100.0, 36
15.8, 293.964, 97.22222222222223, 36
16.0, 293.964, 91.66666666666667, 36
16.2, 293.964, 91.66666666666667, 36
16.4, 293.964, 58.333333333333336, 36
16.6, 293.964, 22.22222222222222, 36
16.8, 293.964, 29.62962962962962, 54
17.0, 293.964, 24.07407407407407, 54
17.2, 293.964, 16.666666666666664, 54
17.4, 293.964, 14.81481481481481, 54
17.6, 293.964, 7.4074074074074066, 54
17.8, 293.964, 0.0, 54
18.0, 293.964, 5.5555555555555545, 54
18.2, 293.964, 0.0, 54
18.4, 293.964, 0.0, 54
18.6, 293.964, 0.0, 54
18.8, 293.964, 0.0, 54
19.0, 293.964, 0.0, 54
19.2, 293.964, 0.0, 54
19.4, 293.964, 0.0, 54
19.6, 293.964, 0.0, 54
19.8, 293.964, 0.0, 54
20.0, 293.964, 0.0, 54
20.2, 293.964, 0.0, 54
20.4, 293.964, 0.0, 54
20.6, 293.964, 0.0, 54
20.8, 293.964, 0.0, 54
21.0, 293.964, 0.0, 54
21.2, 293.964, 0.0, 54
21.4, 293.964, 0.0, 54
21.6, 293.964, 0.0, 54
21.8, 293.964, 0.0, 54
22.0, 293.964, 0.0, 54
22.2, 293.964, 0.0, 54
22.4, 293.964, 0.0, 54
15.0, 329.858, 97.22222222222223, 36
15.2, 329.858, 97.22222222222223, 36
15.4, 329.858, 97.22222222222223, 36
15.6, 329.858, 94.44444444444444, 36
15.8, 329.858, 94.44444444444444, 36
16.0, 329.858, 77.77777777777777, 36
16.2, 329.858, 50.0, 36
16.4, 329.858, 33.333333333333336, 36
16.6, 329.858, 27.777777777777782, 36
16.8, 329.858, 12.962962962962958, 54
17.0, 329.858, 9.259259259259258, 54
17.2, 329.858, 7.4074074074074066, 54
17.4, 329.858, 5.5555555555555545, 54
17.6, 329.858, 1.8518518518518516, 54
17.8, 329.858, 0.0, 54
18.0, 329.858, 0.0, 54
18.2, 329.858, 0.0, 54
18.4, 329.858, 0.0, 54
18.6, 329.858, 0.0, 54
18.8, 329.858, 0.0, 54
19.0, 329.858, 0.0, 54
19.2, 329.858, 0.0, 54
19.4, 329.858, 0.0, 54
19.6, 329.858, 0.0, 54
19.8, 329.858, 0.0, 54
20.0, 329.858, 0.0, 54
20.2, 329.858, 0.0, 54
20.4, 329.858, 0.0, 54
20.6, 329.858, 0.0, 54
20.8, 329.858, 0.0, 54
21.0, 329.858, 0.0, 54
21.2, 329.858, 0.0, 54
21.4, 329.858, 0.0, 54
21.6, 329.858, 0.0, 54
21.8, 329.858, 0.0, 54
22.0, 329.858, 0.0, 54
22.2, 329.858, 0.0, 54
22.4, 329.858, 0.0, 54
15.0, 370.206, 97.22222222222223, 36
15.2, 370.206, 94.44444444444444, 36
15.4, 370.206, 97.22222222222223, 36
15.6, 370.206, 80.55555555555556, 36
15.8, 370.206, 72.22222222222223, 36
16.0, 370.206, 47.22222222222222, 36
16.2, 370.206, 27.77777777777778, 36
16.4, 370.206, 25.0, 36
16.6, 370.206, 25.0, 36
16.8, 370.206, 7.4074074074074066, 54
17.0, 370.206, 1.8518518518518516, 54
17.2, 370.206, 9.259259259259258, 54
17.4, 370.206, 11.11111111111111, 54
17.6, 370.206, 0.0, 54
17.8, 370.206, 0.0, 54
18.0, 370.206, 0.0, 54
18.2, 370.206, 0.0, 54
18.4, 370.206, 0.0, 54
18.6, 370.206, 0.0, 54
18.8, 370.206, 0.0, 54
19.0, 370.206, 0.0, 54
19.2, 370.206, 0.0, 54
19.4, 370.206, 0.0, 54
19.6, 370.206, 0.0, 54
19.8, 370.206, 0.0, 54
20.0, 370.206, 0.0, 54
20.2, 370.206, 0.0, 54
20.4, 370.206, 0.0, 54
20.6, 370.206, 0.0, 54
20.8, 370.206, 0.0, 54
21.0, 370.206, 0.0, 54
21.2, 370.206, 0.0, 54
21.4, 370.206, 0.0, 54
21.6, 370.206, 0.0, 54
21.8, 370.206, 0.0, 54
22.0, 370.206, 0.0, 54
22.2, 370.206, 0.0, 54
22.4, 370.206, 0.0, 54
