#Column 1: Magnitude of injected artificial galaxy 
#Column 2: Effective radius in arcsecsonds of the injected artificial galaxy 
#Column 3: The algroithm's percentage (0 to 100) of objects recovered 
#Column 4: The number of artificial galaxies injected 
mag,rho,eff_rd, n_inj 
16.4, 2.62, 2.5, 80
16.6, 2.62, 0.0, 80
16.8, 2.62, 1.25, 80
17.0, 2.62, 3.75, 80
17.2, 2.62, 2.5, 80
17.4, 2.62, 7.5, 80
17.6, 2.62, 0.0, 80
17.8, 2.62, 5.0, 80
18.0, 2.62, 10.0, 80
18.2, 2.62, 17.5, 80
18.4, 2.62, 20.0, 80
18.6, 2.62, 35.0, 80
18.8, 2.62, 43.75, 80
19.0, 2.62, 36.25, 80
19.2, 2.62, 32.5, 80
19.4, 2.62, 48.75, 80
19.6, 2.62, 37.5, 80
19.8, 2.62, 28.75, 80
20.0, 2.62, 36.25, 80
20.2, 2.62, 43.75, 80
20.4, 2.62, 31.25, 80
20.6, 2.62, 30.0, 80
20.8, 2.62, 33.75, 80
21.0, 2.62, 16.25, 80
21.2, 2.62, 16.25, 80
21.4, 2.62, 16.25, 80
21.6, 2.62, 15.0, 80
21.8, 2.62, 18.75, 80
22.0, 2.62, 3.75, 80
22.2, 2.62, 6.25, 80
22.4, 2.62, 3.75, 80
16.4, 2.882, 0.0, 80
16.6, 2.882, 0.0, 80
16.8, 2.882, 2.5, 80
17.0, 2.882, 5.0, 80
17.2, 2.882, 2.5, 80
17.4, 2.882, 10.0, 80
17.6, 2.882, 17.5, 80
17.8, 2.882, 21.25, 80
18.0, 2.882, 28.75, 80
18.2, 2.882, 35.0, 80
18.4, 2.882, 32.5, 80
18.6, 2.882, 40.0, 80
18.8, 2.882, 46.25, 80
19.0, 2.882, 50.0, 80
19.2, 2.882, 47.5, 80
19.4, 2.882, 53.75, 80
19.6, 2.882, 50.0, 80
19.8, 2.882, 48.75, 80
20.0, 2.882, 55.0, 80
20.2, 2.882, 52.5, 80
20.4, 2.882, 45.0, 80
20.6, 2.882, 38.75, 80
20.8, 2.882, 36.25, 80
21.0, 2.882, 36.25, 80
21.2, 2.882, 35.0, 80
21.4, 2.882, 25.0, 80
21.6, 2.882, 15.0, 80
21.8, 2.882, 10.0, 80
22.0, 2.882, 8.75, 80
22.2, 2.882, 7.5, 80
22.4, 2.882, 10.0, 80
16.4, 3.406, 6.25, 80
16.6, 3.406, 2.5, 80
16.8, 3.406, 7.5, 80
17.0, 3.406, 6.25, 80
17.2, 3.406, 22.5, 80
17.4, 3.406, 35.0, 80
17.6, 3.406, 32.5, 80
17.8, 3.406, 52.5, 80
18.0, 3.406, 52.5, 80
18.2, 3.406, 72.5, 80
18.4, 3.406, 63.75, 80
18.6, 3.406, 61.25, 80
18.8, 3.406, 76.25, 80
19.0, 3.406, 72.5, 80
19.2, 3.406, 68.75, 80
19.4, 3.406, 72.5, 80
19.6, 3.406, 67.5, 80
19.8, 3.406, 65.0, 80
20.0, 3.406, 55.0, 80
20.2, 3.406, 63.75, 80
20.4, 3.406, 55.0, 80
20.6, 3.406, 57.5, 80
20.8, 3.406, 58.75, 80
21.0, 3.406, 50.0, 80
21.2, 3.406, 40.0, 80
21.4, 3.406, 21.25, 80
21.6, 3.406, 22.5, 80
21.8, 3.406, 17.5, 80
22.0, 3.406, 2.5, 80
22.2, 3.406, 7.5, 80
22.4, 3.406, 5.0, 80
16.4, 3.668, 0.0, 80
16.6, 3.668, 6.25, 80
16.8, 3.668, 12.5, 80
17.0, 3.668, 26.25, 80
17.2, 3.668, 33.75, 80
17.4, 3.668, 47.5, 80
17.6, 3.668, 58.75, 80
17.8, 3.668, 65.0, 80
18.0, 3.668, 58.75, 80
18.2, 3.668, 75.0, 80
18.4, 3.668, 71.25, 80
18.6, 3.668, 73.75, 80
18.8, 3.668, 73.75, 80
19.0, 3.668, 72.5, 80
19.2, 3.668, 76.25, 80
19.4, 3.668, 76.25, 80
19.6, 3.668, 81.25, 80
19.8, 3.668, 72.5, 80
20.0, 3.668, 71.25, 80
20.2, 3.668, 61.25, 80
20.4, 3.668, 66.25, 80
20.6, 3.668, 66.25, 80
20.8, 3.668, 55.0, 80
21.0, 3.668, 43.75, 80
21.2, 3.668, 41.25, 80
21.4, 3.668, 22.5, 80
21.6, 3.668, 23.75, 80
21.8, 3.668, 15.0, 80
22.0, 3.668, 6.25, 80
22.2, 3.668, 5.0, 80
22.4, 3.668, 1.25, 80
16.4, 4.192, 11.25, 80
16.6, 4.192, 22.5, 80
16.8, 4.192, 35.0, 80
17.0, 4.192, 52.5, 80
17.2, 4.192, 68.75, 80
17.4, 4.192, 67.5, 80
17.6, 4.192, 76.25, 80
17.8, 4.192, 82.5, 80
18.0, 4.192, 85.0, 80
18.2, 4.192, 86.25, 80
18.4, 4.192, 82.5, 80
18.6, 4.192, 80.0, 80
18.8, 4.192, 87.5, 80
19.0, 4.192, 75.0, 80
19.2, 4.192, 83.75, 80
19.4, 4.192, 80.0, 80
19.6, 4.192, 80.0, 80
19.8, 4.192, 77.5, 80
20.0, 4.192, 77.5, 80
20.2, 4.192, 78.75, 80
20.4, 4.192, 61.25, 80
20.6, 4.192, 66.25, 80
20.8, 4.192, 60.0, 80
21.0, 4.192, 55.00000000000001, 80
21.2, 4.192, 41.25, 80
21.4, 4.192, 26.25, 80
21.6, 4.192, 13.75, 80
21.8, 4.192, 15.0, 80
22.0, 4.192, 7.5, 80
22.2, 4.192, 2.5, 80
22.4, 4.192, 5.0, 80
16.4, 4.716, 35.0, 80
16.6, 4.716, 58.75, 80
16.8, 4.716, 70.0, 80
17.0, 4.716, 81.25, 80
17.2, 4.716, 82.5, 80
17.4, 4.716, 87.5, 80
17.6, 4.716, 85.0, 80
17.8, 4.716, 83.75, 80
18.0, 4.716, 87.5, 80
18.2, 4.716, 85.0, 80
18.4, 4.716, 87.5, 80
18.6, 4.716, 85.0, 80
18.8, 4.716, 87.5, 80
19.0, 4.716, 88.75, 80
19.2, 4.716, 87.5, 80
19.4, 4.716, 87.5, 80
19.6, 4.716, 85.0, 80
19.8, 4.716, 82.5, 80
20.0, 4.716, 75.0, 80
20.2, 4.716, 77.5, 80
20.4, 4.716, 77.5, 80
20.6, 4.716, 77.5, 80
20.8, 4.716, 67.5, 80
21.0, 4.716, 48.75, 80
21.2, 4.716, 47.5, 80
21.4, 4.716, 31.25, 80
21.6, 4.716, 7.5, 80
21.8, 4.716, 13.75, 80
22.0, 4.716, 10.0, 80
22.2, 4.716, 2.5, 80
22.4, 4.716, 0.0, 80
16.4, 5.24, 68.75, 80
16.6, 5.24, 88.75, 80
16.8, 5.24, 85.0, 80
17.0, 5.24, 77.5, 80
17.2, 5.24, 90.0, 80
17.4, 5.24, 85.0, 80
17.6, 5.24, 78.75, 80
17.8, 5.24, 80.0, 80
18.0, 5.24, 88.75, 80
18.2, 5.24, 91.25, 80
18.4, 5.24, 87.5, 80
18.6, 5.24, 85.0, 80
18.8, 5.24, 88.75, 80
19.0, 5.24, 92.5, 80
19.2, 5.24, 91.25, 80
19.4, 5.24, 90.0, 80
19.6, 5.24, 86.25, 80
19.8, 5.24, 78.75, 80
20.0, 5.24, 85.0, 80
20.2, 5.24, 76.25, 80
20.4, 5.24, 77.5, 80
20.6, 5.24, 68.75, 80
20.8, 5.24, 67.5, 80
21.0, 5.24, 53.75, 80
21.2, 5.24, 43.75, 80
21.4, 5.24, 23.75, 80
21.6, 5.24, 21.25, 80
21.8, 5.24, 7.5, 80
22.0, 5.24, 10.0, 80
22.2, 5.24, 2.5, 80
22.4, 5.24, 0.0, 80
16.4, 5.764, 81.25, 80
16.6, 5.764, 83.75, 80
16.8, 5.764, 86.25, 80
17.0, 5.764, 83.75, 80
17.2, 5.764, 91.25, 80
17.4, 5.764, 88.75, 80
17.6, 5.764, 88.75, 80
17.8, 5.764, 87.5, 80
18.0, 5.764, 85.0, 80
18.2, 5.764, 88.75, 80
18.4, 5.764, 83.75, 80
18.6, 5.764, 92.5, 80
18.8, 5.764, 95.0, 80
19.0, 5.764, 91.25, 80
19.2, 5.764, 87.5, 80
19.4, 5.764, 92.5, 80
19.6, 5.764, 90.0, 80
19.8, 5.764, 86.25, 80
20.0, 5.764, 90.0, 80
20.2, 5.764, 83.75, 80
20.4, 5.764, 86.25, 80
20.6, 5.764, 70.0, 80
20.8, 5.764, 60.0, 80
21.0, 5.764, 63.75, 80
21.2, 5.764, 37.5, 80
21.4, 5.764, 35.0, 80
21.6, 5.764, 18.75, 80
21.8, 5.764, 8.75, 80
22.0, 5.764, 2.5, 80
22.2, 5.764, 5.0, 80
22.4, 5.764, 2.5, 80
16.4, 6.55, 95.0, 80
16.6, 6.55, 91.25, 80
16.8, 6.55, 92.5, 80
17.0, 6.55, 93.75, 80
17.2, 6.55, 93.75, 80
17.4, 6.55, 88.75, 80
17.6, 6.55, 93.75, 80
17.8, 6.55, 90.0, 80
18.0, 6.55, 90.0, 80
18.2, 6.55, 88.75, 80
18.4, 6.55, 90.0, 80
18.6, 6.55, 92.5, 80
18.8, 6.55, 93.75, 80
19.0, 6.55, 88.75, 80
19.2, 6.55, 80.0, 80
19.4, 6.55, 88.75, 80
19.6, 6.55, 90.0, 80
19.8, 6.55, 82.5, 80
20.0, 6.55, 88.75, 80
20.2, 6.55, 85.0, 80
20.4, 6.55, 80.0, 80
20.6, 6.55, 67.5, 80
20.8, 6.55, 55.0, 80
21.0, 6.55, 46.25, 80
21.2, 6.55, 37.5, 80
21.4, 6.55, 26.25, 80
21.6, 6.55, 20.0, 80
21.8, 6.55, 11.25, 80
22.0, 6.55, 6.25, 80
22.2, 6.55, 5.0, 80
22.4, 6.55, 5.0, 80
16.4, 7.336, 91.25, 80
16.6, 7.336, 91.25, 80
16.8, 7.336, 88.75, 80
17.0, 7.336, 96.25, 80
17.2, 7.336, 87.5, 80
17.4, 7.336, 91.25, 80
17.6, 7.336, 96.25, 80
17.8, 7.336, 93.75, 80
18.0, 7.336, 90.0, 80
18.2, 7.336, 93.75, 80
18.4, 7.336, 91.25, 80
18.6, 7.336, 90.0, 80
18.8, 7.336, 95.0, 80
19.0, 7.336, 86.25, 80
19.2, 7.336, 87.5, 80
19.4, 7.336, 91.25, 80
19.6, 7.336, 85.0, 80
19.8, 7.336, 87.5, 80
20.0, 7.336, 90.0, 80
20.2, 7.336, 86.25, 80
20.4, 7.336, 80.0, 80
20.6, 7.336, 75.0, 80
20.8, 7.336, 57.5, 80
21.0, 7.336, 53.75, 80
21.2, 7.336, 43.75, 80
21.4, 7.336, 21.25, 80
21.6, 7.336, 8.75, 80
21.8, 7.336, 7.5, 80
22.0, 7.336, 8.75, 80
22.2, 7.336, 5.0, 80
22.4, 7.336, 6.25, 80
16.4, 8.384, 92.5, 80
16.6, 8.384, 95.0, 80
16.8, 8.384, 92.5, 80
17.0, 8.384, 96.25, 80
17.2, 8.384, 96.25, 80
17.4, 8.384, 95.0, 80
17.6, 8.384, 88.75, 80
17.8, 8.384, 91.25, 80
18.0, 8.384, 93.75, 80
18.2, 8.384, 86.25, 80
18.4, 8.384, 96.25, 80
18.6, 8.384, 96.25, 80
18.8, 8.384, 91.25, 80
19.0, 8.384, 88.75, 80
19.2, 8.384, 92.5, 80
19.4, 8.384, 85.0, 80
19.6, 8.384, 96.25, 80
19.8, 8.384, 88.75, 80
20.0, 8.384, 87.5, 80
20.2, 8.384, 83.75, 80
20.4, 8.384, 73.75, 80
20.6, 8.384, 73.75, 80
20.8, 8.384, 58.75, 80
21.0, 8.384, 38.75, 80
21.2, 8.384, 25.0, 80
21.4, 8.384, 11.25, 80
21.6, 8.384, 12.5, 80
21.8, 8.384, 6.25, 80
22.0, 8.384, 3.75, 80
22.2, 8.384, 3.75, 80
22.4, 8.384, 2.5, 80
16.4, 9.17, 97.5, 80
16.6, 9.17, 88.75, 80
16.8, 9.17, 96.25, 80
17.0, 9.17, 91.25, 80
17.2, 9.17, 87.5, 80
17.4, 9.17, 91.25, 80
17.6, 9.17, 92.5, 80
17.8, 9.17, 91.25, 80
18.0, 9.17, 93.75, 80
18.2, 9.17, 87.5, 80
18.4, 9.17, 93.75, 80
18.6, 9.17, 92.5, 80
18.8, 9.17, 90.0, 80
19.0, 9.17, 87.5, 80
19.2, 9.17, 86.25, 80
19.4, 9.17, 93.75, 80
19.6, 9.17, 83.75, 80
19.8, 9.17, 82.5, 80
20.0, 9.17, 85.0, 80
20.2, 9.17, 87.5, 80
20.4, 9.17, 71.25, 80
20.6, 9.17, 70.0, 80
20.8, 9.17, 57.5, 80
21.0, 9.17, 43.75, 80
21.2, 9.17, 28.75, 80
21.4, 9.17, 17.5, 80
21.6, 9.17, 11.25, 80
21.8, 9.17, 7.5, 80
22.0, 9.17, 5.0, 80
22.2, 9.17, 3.75, 80
22.4, 9.17, 6.25, 80
16.4, 10.48, 97.5, 80
16.6, 10.48, 90.0, 80
16.8, 10.48, 95.0, 80
17.0, 10.48, 93.75, 80
17.2, 10.48, 93.75, 80
17.4, 10.48, 92.5, 80
17.6, 10.48, 95.0, 80
17.8, 10.48, 93.75, 80
18.0, 10.48, 97.5, 80
18.2, 10.48, 96.25, 80
18.4, 10.48, 90.0, 80
18.6, 10.48, 87.5, 80
18.8, 10.48, 82.5, 80
19.0, 10.48, 95.0, 80
19.2, 10.48, 87.5, 80
19.4, 10.48, 98.75, 80
19.6, 10.48, 88.75, 80
19.8, 10.48, 85.0, 80
20.0, 10.48, 87.5, 80
20.2, 10.48, 90.0, 80
20.4, 10.48, 75.0, 80
20.6, 10.48, 61.25, 80
20.8, 10.48, 53.75, 80
21.0, 10.48, 25.0, 80
21.2, 10.48, 16.25, 80
21.4, 10.48, 16.25, 80
21.6, 10.48, 6.25, 80
21.8, 10.48, 6.25, 80
22.0, 10.48, 6.25, 80
22.2, 10.48, 3.75, 80
22.4, 10.48, 7.5, 80
16.4, 11.79, 96.25, 80
16.6, 11.79, 91.25, 80
16.8, 11.79, 96.25, 80
17.0, 11.79, 91.25, 80
17.2, 11.79, 85.0, 80
17.4, 11.79, 86.25, 80
17.6, 11.79, 93.75, 80
17.8, 11.79, 90.0, 80
18.0, 11.79, 91.25, 80
18.2, 11.79, 91.25, 80
18.4, 11.79, 90.0, 80
18.6, 11.79, 92.5, 80
18.8, 11.79, 95.0, 80
19.0, 11.79, 95.0, 80
19.2, 11.79, 90.0, 80
19.4, 11.79, 92.5, 80
19.6, 11.79, 81.25, 80
19.8, 11.79, 87.5, 80
20.0, 11.79, 87.5, 80
20.2, 11.79, 80.0, 80
20.4, 11.79, 70.0, 80
20.6, 11.79, 51.25, 80
20.8, 11.79, 46.25, 80
21.0, 11.79, 26.25, 80
21.2, 11.79, 25.0, 80
21.4, 11.79, 5.0, 80
21.6, 11.79, 10.0, 80
21.8, 11.79, 6.25, 80
22.0, 11.79, 6.25, 80
22.2, 11.79, 3.75, 80
22.4, 11.79, 5.0, 80
16.4, 13.1, 91.25, 80
16.6, 13.1, 93.75, 80
16.8, 13.1, 96.25, 80
17.0, 13.1, 97.5, 80
17.2, 13.1, 93.75, 80
17.4, 13.1, 96.25, 80
17.6, 13.1, 95.0, 80
17.8, 13.1, 93.75, 80
18.0, 13.1, 93.75, 80
18.2, 13.1, 95.0, 80
18.4, 13.1, 93.75, 80
18.6, 13.1, 91.25, 80
18.8, 13.1, 90.0, 80
19.0, 13.1, 92.5, 80
19.2, 13.1, 85.0, 80
19.4, 13.1, 88.75, 80
19.6, 13.1, 87.5, 80
19.8, 13.1, 85.0, 80
20.0, 13.1, 83.75, 80
20.2, 13.1, 73.75, 80
20.4, 13.1, 55.0, 80
20.6, 13.1, 65.0, 80
20.8, 13.1, 36.25, 80
21.0, 13.1, 28.75, 80
21.2, 13.1, 15.0, 80
21.4, 13.1, 8.75, 80
21.6, 13.1, 2.5, 80
21.8, 13.1, 8.75, 80
22.0, 13.1, 5.0, 80
22.2, 13.1, 3.75, 80
22.4, 13.1, 2.5, 80
16.4, 14.672, 90.0, 80
16.6, 14.672, 97.5, 80
16.8, 14.672, 95.0, 80
17.0, 14.672, 98.75, 80
17.2, 14.672, 95.0, 80
17.4, 14.672, 91.25, 80
17.6, 14.672, 95.0, 80
17.8, 14.672, 95.0, 80
18.0, 14.672, 95.0, 80
18.2, 14.672, 92.5, 80
18.4, 14.672, 92.5, 80
18.6, 14.672, 95.0, 80
18.8, 14.672, 88.75, 80
19.0, 14.672, 90.0, 80
19.2, 14.672, 90.0, 80
19.4, 14.672, 91.25, 80
19.6, 14.672, 96.25, 80
19.8, 14.672, 87.5, 80
20.0, 14.672, 87.5, 80
20.2, 14.672, 75.0, 80
20.4, 14.672, 55.0, 80
20.6, 14.672, 36.25, 80
20.8, 14.672, 26.25, 80
21.0, 14.672, 15.0, 80
21.2, 14.672, 11.25, 80
21.4, 14.672, 6.25, 80
21.6, 14.672, 1.25, 80
21.8, 14.672, 7.5, 80
22.0, 14.672, 2.5, 80
22.2, 14.672, 5.0, 80
22.4, 14.672, 2.5, 80
16.4, 16.506, 96.25, 80
16.6, 16.506, 93.75, 80
16.8, 16.506, 92.5, 80
17.0, 16.506, 90.0, 80
17.2, 16.506, 96.25, 80
17.4, 16.506, 95.0, 80
17.6, 16.506, 95.0, 80
17.8, 16.506, 90.0, 80
18.0, 16.506, 92.5, 80
18.2, 16.506, 95.0, 80
18.4, 16.506, 90.0, 80
18.6, 16.506, 86.25, 80
18.8, 16.506, 88.75, 80
19.0, 16.506, 83.75, 80
19.2, 16.506, 88.75, 80
19.4, 16.506, 91.25, 80
19.6, 16.506, 86.25, 80
19.8, 16.506, 78.75, 80
20.0, 16.506, 72.5, 80
20.2, 16.506, 70.0, 80
20.4, 16.506, 47.5, 80
20.6, 16.506, 38.75, 80
20.8, 16.506, 31.25, 80
21.0, 16.506, 17.5, 80
21.2, 16.506, 12.5, 80
21.4, 16.506, 8.75, 80
21.6, 16.506, 1.25, 80
21.8, 16.506, 3.75, 80
22.0, 16.506, 3.75, 80
22.2, 16.506, 3.75, 80
22.4, 16.506, 3.75, 80
16.4, 18.602, 91.25, 80
16.6, 18.602, 95.0, 80
16.8, 18.602, 90.0, 80
17.0, 18.602, 90.0, 80
17.2, 18.602, 97.5, 80
17.4, 18.602, 97.5, 80
17.6, 18.602, 93.75, 80
17.8, 18.602, 95.0, 80
18.0, 18.602, 91.25, 80
18.2, 18.602, 86.25, 80
18.4, 18.602, 91.25, 80
18.6, 18.602, 92.5, 80
18.8, 18.602, 92.5, 80
19.0, 18.602, 86.25, 80
19.2, 18.602, 88.75, 80
19.4, 18.602, 86.25, 80
19.6, 18.602, 88.75, 80
19.8, 18.602, 75.0, 80
20.0, 18.602, 70.0, 80
20.2, 18.602, 53.75, 80
20.4, 18.602, 41.25, 80
20.6, 18.602, 23.75, 80
20.8, 18.602, 15.0, 80
21.0, 18.602, 5.0, 80
21.2, 18.602, 6.25, 80
21.4, 18.602, 2.5, 80
21.6, 18.602, 3.75, 80
21.8, 18.602, 3.75, 80
22.0, 18.602, 2.5, 80
22.2, 18.602, 2.5, 80
22.4, 18.602, 2.5, 80
16.4, 20.698, 100.0, 80
16.6, 20.698, 97.5, 80
16.8, 20.698, 91.25, 80
17.0, 20.698, 96.25, 80
17.2, 20.698, 98.75, 80
17.4, 20.698, 95.0, 80
17.6, 20.698, 98.75, 80
17.8, 20.698, 95.0, 80
18.0, 20.698, 90.0, 80
18.2, 20.698, 88.75, 80
18.4, 20.698, 87.5, 80
18.6, 20.698, 88.75, 80
18.8, 20.698, 92.5, 80
19.0, 20.698, 88.75, 80
19.2, 20.698, 82.5, 80
19.4, 20.698, 88.75, 80
19.6, 20.698, 66.25, 80
19.8, 20.698, 77.5, 80
20.0, 20.698, 68.75, 80
20.2, 20.698, 50.0, 80
20.4, 20.698, 25.0, 80
20.6, 20.698, 16.25, 80
20.8, 20.698, 15.0, 80
21.0, 20.698, 7.5, 80
21.2, 20.698, 6.25, 80
21.4, 20.698, 7.5, 80
21.6, 20.698, 6.25, 80
21.8, 20.698, 2.5, 80
22.0, 20.698, 1.25, 80
22.2, 20.698, 3.75, 80
22.4, 20.698, 5.0, 80
16.4, 23.318, 95.0, 80
16.6, 23.318, 97.5, 80
16.8, 23.318, 97.5, 80
17.0, 23.318, 97.5, 80
17.2, 23.318, 96.25, 80
17.4, 23.318, 90.0, 80
17.6, 23.318, 92.5, 80
17.8, 23.318, 91.25, 80
18.0, 23.318, 95.0, 80
18.2, 23.318, 88.75, 80
18.4, 23.318, 92.5, 80
18.6, 23.318, 92.5, 80
18.8, 23.318, 90.0, 80
19.0, 23.318, 92.5, 80
19.2, 23.318, 91.25, 80
19.4, 23.318, 86.25, 80
19.6, 23.318, 77.5, 80
19.8, 23.318, 57.5, 80
20.0, 23.318, 47.5, 80
20.2, 23.318, 37.5, 80
20.4, 23.318, 23.75, 80
20.6, 23.318, 21.25, 80
20.8, 23.318, 7.5, 80
21.0, 23.318, 7.5, 80
21.2, 23.318, 5.0, 80
21.4, 23.318, 5.0, 80
21.6, 23.318, 6.25, 80
21.8, 23.318, 0.0, 80
22.0, 23.318, 6.25, 80
22.2, 23.318, 3.75, 80
22.4, 23.318, 2.5, 80
16.4, 26.2, 96.25, 80
16.6, 26.2, 98.75, 80
16.8, 26.2, 96.25, 80
17.0, 26.2, 91.25, 80
17.2, 26.2, 96.25, 80
17.4, 26.2, 96.25, 80
17.6, 26.2, 98.75, 80
17.8, 26.2, 95.0, 80
18.0, 26.2, 90.0, 80
18.2, 26.2, 93.75, 80
18.4, 26.2, 88.75, 80
18.6, 26.2, 81.25, 80
18.8, 26.2, 88.75, 80
19.0, 26.2, 83.75, 80
19.2, 26.2, 87.5, 80
19.4, 26.2, 77.5, 80
19.6, 26.2, 72.5, 80
19.8, 26.2, 52.5, 80
20.0, 26.2, 42.5, 80
20.2, 26.2, 23.75, 80
20.4, 26.2, 18.75, 80
20.6, 26.2, 13.75, 80
20.8, 26.2, 12.5, 80
21.0, 26.2, 10.0, 80
21.2, 26.2, 6.25, 80
21.4, 26.2, 6.25, 80
21.6, 26.2, 5.0, 80
21.8, 26.2, 1.25, 80
22.0, 26.2, 0.0, 80
22.2, 26.2, 1.25, 80
22.4, 26.2, 5.0, 80
16.4, 29.344, 97.5, 40
16.6, 29.344, 97.5, 40
16.8, 29.344, 95.0, 40
17.0, 29.344, 95.0, 40
17.2, 29.344, 95.0, 40
17.4, 29.344, 97.5, 40
17.6, 29.344, 95.0, 40
17.8, 29.344, 95.0, 40
18.0, 29.344, 97.5, 40
18.2, 29.344, 95.0, 40
18.4, 29.344, 90.0, 40
18.6, 29.344, 90.0, 40
18.8, 29.344, 97.5, 40
19.0, 29.344, 82.5, 40
19.2, 29.344, 75.0, 40
19.4, 29.344, 67.5, 40
19.6, 29.344, 65.0, 40
19.8, 29.344, 62.5, 40
20.0, 29.344, 25.0, 40
20.2, 29.344, 22.5, 40
20.4, 29.344, 10.0, 40
20.6, 29.344, 5.0, 40
20.8, 29.344, 5.0, 40
21.0, 29.344, 2.5, 40
21.2, 29.344, 5.0, 40
21.4, 29.344, 5.0, 40
21.6, 29.344, 0.0, 40
21.8, 29.344, 7.5, 40
22.0, 29.344, 0.0, 40
22.2, 29.344, 2.5, 40
22.4, 29.344, 0.0, 40
16.4, 33.012, 100.0, 40
16.6, 33.012, 100.0, 40
16.8, 33.012, 100.0, 40
17.0, 33.012, 100.0, 40
17.2, 33.012, 97.5, 40
17.4, 33.012, 95.0, 40
17.6, 33.012, 95.0, 40
17.8, 33.012, 92.5, 40
18.0, 33.012, 97.5, 40
18.2, 33.012, 95.0, 40
18.4, 33.012, 100.0, 40
18.6, 33.012, 90.0, 40
18.8, 33.012, 80.0, 40
19.0, 33.012, 85.0, 40
19.2, 33.012, 75.0, 40
19.4, 33.012, 70.0, 40
19.6, 33.012, 35.0, 40
19.8, 33.012, 25.0, 40
20.0, 33.012, 15.0, 40
20.2, 33.012, 10.0, 40
20.4, 33.012, 17.5, 40
20.6, 33.012, 12.5, 40
20.8, 33.012, 2.5, 40
21.0, 33.012, 2.5, 40
21.2, 33.012, 2.5, 40
21.4, 33.012, 10.0, 40
21.6, 33.012, 0.0, 40
21.8, 33.012, 0.0, 40
22.0, 33.012, 2.5, 40
22.2, 33.012, 5.0, 40
22.4, 33.012, 5.0, 40
16.4, 36.942, 90.0, 40
16.6, 36.942, 100.0, 40
16.8, 36.942, 90.0, 40
17.0, 36.942, 95.0, 40
17.2, 36.942, 97.5, 40
17.4, 36.942, 100.0, 40
17.6, 36.942, 92.5, 40
17.8, 36.942, 87.5, 40
18.0, 36.942, 90.0, 40
18.2, 36.942, 87.5, 40
18.4, 36.942, 90.0, 40
18.6, 36.942, 87.5, 40
18.8, 36.942, 77.5, 40
19.0, 36.942, 82.5, 40
19.2, 36.942, 62.5, 40
19.4, 36.942, 35.0, 40
19.6, 36.942, 27.5, 40
19.8, 36.942, 22.5, 40
20.0, 36.942, 12.5, 40
20.2, 36.942, 7.5, 40
20.4, 36.942, 7.5, 40
20.6, 36.942, 0.0, 40
20.8, 36.942, 5.0, 40
21.0, 36.942, 0.0, 40
21.2, 36.942, 2.5, 40
21.4, 36.942, 0.0, 40
21.6, 36.942, 2.5, 40
21.8, 36.942, 2.5, 40
22.0, 36.942, 2.5, 40
22.2, 36.942, 5.0, 40
22.4, 36.942, 10.0, 40
16.4, 41.396, 100.0, 40
16.6, 41.396, 95.0, 40
16.8, 41.396, 97.5, 40
17.0, 41.396, 97.5, 40
17.2, 41.396, 95.0, 40
17.4, 41.396, 92.5, 40
17.6, 41.396, 87.5, 40
17.8, 41.396, 92.5, 40
18.0, 41.396, 95.0, 40
18.2, 41.396, 87.5, 40
18.4, 41.396, 90.0, 40
18.6, 41.396, 70.0, 40
18.8, 41.396, 77.5, 40
19.0, 41.396, 60.0, 40
19.2, 41.396, 50.0, 40
19.4, 41.396, 35.0, 40
19.6, 41.396, 20.0, 40
19.8, 41.396, 15.0, 40
20.0, 41.396, 20.0, 40
20.2, 41.396, 12.5, 40
20.4, 41.396, 7.5, 40
20.6, 41.396, 7.5, 40
20.8, 41.396, 2.5, 40
21.0, 41.396, 2.5, 40
21.2, 41.396, 7.5, 40
21.4, 41.396, 2.5, 40
21.6, 41.396, 0.0, 40
21.8, 41.396, 5.0, 40
22.0, 41.396, 5.0, 40
22.2, 41.396, 0.0, 40
22.4, 41.396, 0.0, 40
16.4, 46.636, 97.5, 40
16.6, 46.636, 100.0, 40
16.8, 46.636, 92.5, 40
17.0, 46.636, 90.0, 40
17.2, 46.636, 92.5, 40
17.4, 46.636, 95.0, 40
17.6, 46.636, 95.0, 40
17.8, 46.636, 95.0, 40
18.0, 46.636, 92.5, 40
18.2, 46.636, 85.0, 40
18.4, 46.636, 82.5, 40
18.6, 46.636, 82.5, 40
18.8, 46.636, 67.5, 40
19.0, 46.636, 47.5, 40
19.2, 46.636, 32.5, 40
19.4, 46.636, 30.0, 40
19.6, 46.636, 25.0, 40
19.8, 46.636, 7.5, 40
20.0, 46.636, 10.0, 40
20.2, 46.636, 7.5, 40
20.4, 46.636, 5.0, 40
20.6, 46.636, 5.0, 40
20.8, 46.636, 2.5, 40
21.0, 46.636, 0.0, 40
21.2, 46.636, 0.0, 40
21.4, 46.636, 0.0, 40
21.6, 46.636, 2.5, 40
21.8, 46.636, 5.0, 40
22.0, 46.636, 5.0, 40
22.2, 46.636, 0.0, 40
22.4, 46.636, 0.0, 40
16.4, 52.4, 90.0, 20
16.6, 52.4, 85.0, 20
16.8, 52.4, 97.5, 40
17.0, 52.4, 95.0, 40
17.2, 52.4, 97.5, 40
17.4, 52.4, 97.5, 40
17.6, 52.4, 90.0, 40
17.8, 52.4, 90.0, 40
18.0, 52.4, 92.5, 40
18.2, 52.4, 82.5, 40
18.4, 52.4, 85.0, 40
18.6, 52.4, 75.0, 40
18.8, 52.4, 47.5, 40
19.0, 52.4, 32.5, 40
19.2, 52.4, 27.5, 40
19.4, 52.4, 20.0, 40
19.6, 52.4, 15.0, 40
19.8, 52.4, 15.0, 40
20.0, 52.4, 0.0, 40
20.2, 52.4, 0.0, 40
20.4, 52.4, 7.5, 40
20.6, 52.4, 7.5, 40
20.8, 52.4, 2.5, 40
21.0, 52.4, 2.5, 40
21.2, 52.4, 0.0, 40
21.4, 52.4, 5.0, 40
21.6, 52.4, 7.5, 40
21.8, 52.4, 0.0, 40
22.0, 52.4, 0.0, 40
22.2, 52.4, 0.0, 40
22.4, 52.4, 0.0, 40
16.4, 58.688, 95.0, 20
16.6, 58.688, 100.0, 20
16.8, 58.688, 100.0, 40
17.0, 58.688, 95.0, 40
17.2, 58.688, 92.5, 40
17.4, 58.688, 97.5, 40
17.6, 58.688, 97.5, 40
17.8, 58.688, 92.5, 40
18.0, 58.688, 90.0, 40
18.2, 58.688, 77.5, 40
18.4, 58.688, 57.5, 40
18.6, 58.688, 67.5, 40
18.8, 58.688, 22.5, 40
19.0, 58.688, 17.5, 40
19.2, 58.688, 17.5, 40
19.4, 58.688, 5.0, 40
19.6, 58.688, 7.5, 40
19.8, 58.688, 15.0, 40
20.0, 58.688, 5.0, 40
20.2, 58.688, 5.0, 40
20.4, 58.688, 0.0, 40
20.6, 58.688, 5.0, 40
20.8, 58.688, 2.5, 40
21.0, 58.688, 5.0, 40
21.2, 58.688, 2.5, 40
21.4, 58.688, 2.5, 40
21.6, 58.688, 0.0, 40
21.8, 58.688, 0.0, 40
22.0, 58.688, 0.0, 40
22.2, 58.688, 0.0, 40
22.4, 58.688, 0.0, 40
16.4, 65.762, 100.0, 20
16.6, 65.762, 95.0, 20
16.8, 65.762, 92.5, 40
17.0, 65.762, 95.0, 40
17.2, 65.762, 97.5, 40
17.4, 65.762, 92.5, 40
17.6, 65.762, 92.5, 40
17.8, 65.762, 95.0, 40
18.0, 65.762, 85.0, 40
18.2, 65.762, 70.0, 40
18.4, 65.762, 42.5, 40
18.6, 65.762, 27.5, 40
18.8, 65.762, 37.5, 40
19.0, 65.762, 15.0, 40
19.2, 65.762, 12.5, 40
19.4, 65.762, 15.0, 40
19.6, 65.762, 7.5, 40
19.8, 65.762, 7.5, 40
20.0, 65.762, 5.0, 40
20.2, 65.762, 0.0, 40
20.4, 65.762, 7.5, 40
20.6, 65.762, 7.5, 40
20.8, 65.762, 5.0, 40
21.0, 65.762, 2.5, 40
21.2, 65.762, 2.5, 40
21.4, 65.762, 0.0, 40
21.6, 65.762, 0.0, 40
21.8, 65.762, 0.0, 40
22.0, 65.762, 0.0, 40
22.2, 65.762, 0.0, 40
22.4, 65.762, 0.0, 40
16.4, 73.884, 95.0, 20
16.6, 73.884, 95.0, 20
16.8, 73.884, 97.5, 40
17.0, 73.884, 90.0, 40
17.2, 73.884, 90.0, 40
17.4, 73.884, 95.0, 40
17.6, 73.884, 90.0, 40
17.8, 73.884, 85.0, 40
18.0, 73.884, 65.0, 40
18.2, 73.884, 52.5, 40
18.4, 73.884, 37.5, 40
18.6, 73.884, 10.0, 40
18.8, 73.884, 20.0, 40
19.0, 73.884, 12.5, 40
19.2, 73.884, 0.0, 40
19.4, 73.884, 2.5, 40
19.6, 73.884, 0.0, 40
19.8, 73.884, 5.0, 40
20.0, 73.884, 2.5, 40
20.2, 73.884, 10.0, 40
20.4, 73.884, 2.5, 40
20.6, 73.884, 0.0, 40
20.8, 73.884, 2.5, 40
21.0, 73.884, 2.5, 40
21.2, 73.884, 0.0, 40
21.4, 73.884, 0.0, 40
21.6, 73.884, 0.0, 40
21.8, 73.884, 0.0, 40
22.0, 73.884, 0.0, 40
22.2, 73.884, 0.0, 40
22.4, 73.884, 0.0, 40
16.4, 82.792, 100.0, 20
16.6, 82.792, 80.0, 20
16.8, 82.792, 100.0, 40
17.0, 82.792, 92.5, 40
17.2, 82.792, 92.5, 40
17.4, 82.792, 92.5, 40
17.6, 82.792, 77.5, 40
17.8, 82.792, 75.0, 40
18.0, 82.792, 52.5, 40
18.2, 82.792, 32.5, 40
18.4, 82.792, 10.0, 40
18.6, 82.792, 12.5, 40
18.8, 82.792, 10.0, 40
19.0, 82.792, 7.5, 40
19.2, 82.792, 2.5, 40
19.4, 82.792, 2.5, 40
19.6, 82.792, 5.0, 40
19.8, 82.792, 5.0, 40
20.0, 82.792, 2.5, 40
20.2, 82.792, 5.0, 40
20.4, 82.792, 5.0, 40
20.6, 82.792, 2.5, 40
20.8, 82.792, 0.0, 40
21.0, 82.792, 0.0, 40
21.2, 82.792, 0.0, 40
21.4, 82.792, 0.0, 40
21.6, 82.792, 0.0, 40
21.8, 82.792, 0.0, 40
22.0, 82.792, 0.0, 40
22.2, 82.792, 0.0, 40
22.4, 82.792, 0.0, 40
16.4, 93.01, 95.0, 20
16.6, 93.01, 100.0, 20
16.8, 93.01, 97.5, 40
17.0, 93.01, 97.5, 40
17.2, 93.01, 82.5, 40
17.4, 93.01, 80.0, 40
17.6, 93.01, 70.0, 40
17.8, 93.01, 55.00000000000001, 40
18.0, 93.01, 37.5, 40
18.2, 93.01, 20.0, 40
18.4, 93.01, 32.5, 40
18.6, 93.01, 7.5, 40
18.8, 93.01, 2.5, 40
19.0, 93.01, 5.0, 40
19.2, 93.01, 10.0, 40
19.4, 93.01, 7.5, 40
19.6, 93.01, 2.5, 40
19.8, 93.01, 10.0, 40
20.0, 93.01, 5.0, 40
20.2, 93.01, 0.0, 40
20.4, 93.01, 2.5, 40
20.6, 93.01, 0.0, 40
20.8, 93.01, 0.0, 40
21.0, 93.01, 0.0, 40
21.2, 93.01, 0.0, 40
21.4, 93.01, 0.0, 40
21.6, 93.01, 0.0, 40
21.8, 93.01, 0.0, 40
22.0, 93.01, 0.0, 40
22.2, 93.01, 0.0, 40
22.4, 93.01, 0.0, 40
16.4, 104.276, 95.0, 20
16.6, 104.276, 80.0, 20
16.8, 104.276, 95.0, 40
17.0, 104.276, 90.0, 40
17.2, 104.276, 80.0, 40
17.4, 104.276, 52.5, 40
17.6, 104.276, 72.5, 40
17.8, 104.276, 45.0, 40
18.0, 104.276, 27.5, 40
18.2, 104.276, 20.0, 40
18.4, 104.276, 12.5, 40
18.6, 104.276, 5.0, 40
18.8, 104.276, 5.0, 40
19.0, 104.276, 5.0, 40
19.2, 104.276, 5.0, 40
19.4, 104.276, 5.0, 40
19.6, 104.276, 5.0, 40
19.8, 104.276, 5.0, 40
20.0, 104.276, 5.0, 40
20.2, 104.276, 0.0, 40
20.4, 104.276, 0.0, 40
20.6, 104.276, 0.0, 40
20.8, 104.276, 0.0, 40
21.0, 104.276, 0.0, 40
21.2, 104.276, 0.0, 40
21.4, 104.276, 0.0, 40
21.6, 104.276, 0.0, 40
21.8, 104.276, 0.0, 40
22.0, 104.276, 0.0, 40
22.2, 104.276, 0.0, 40
22.4, 104.276, 0.0, 40
16.4, 117.114, 90.0, 20
16.6, 117.114, 95.0, 20
16.8, 117.114, 100.0, 20
17.0, 117.114, 85.0, 20
17.2, 117.114, 90.0, 20
17.4, 117.114, 55.0, 20
17.6, 117.114, 35.0, 20
17.8, 117.114, 35.0, 20
18.0, 117.114, 5.0, 20
18.2, 117.114, 20.0, 20
18.4, 117.114, 0.0, 20
18.6, 117.114, 0.0, 20
18.8, 117.114, 0.0, 20
19.0, 117.114, 0.0, 20
19.2, 117.114, 10.0, 20
19.4, 117.114, 0.0, 20
19.6, 117.114, 5.0, 20
19.8, 117.114, 5.0, 20
20.0, 117.114, 0.0, 20
20.2, 117.114, 0.0, 20
20.4, 117.114, 0.0, 20
20.6, 117.114, 0.0, 20
20.8, 117.114, 0.0, 20
21.0, 117.114, 0.0, 20
21.2, 117.114, 0.0, 20
21.4, 117.114, 0.0, 20
21.6, 117.114, 0.0, 20
21.8, 117.114, 0.0, 20
22.0, 117.114, 0.0, 20
22.2, 117.114, 0.0, 20
22.4, 117.114, 0.0, 20
16.4, 131.262, 85.0, 20
16.6, 131.262, 95.0, 20
16.8, 131.262, 95.0, 20
17.0, 131.262, 80.0, 20
17.2, 131.262, 70.0, 20
17.4, 131.262, 60.0, 20
17.6, 131.262, 15.0, 20
17.8, 131.262, 25.0, 20
18.0, 131.262, 15.0, 20
18.2, 131.262, 5.0, 20
18.4, 131.262, 5.0, 20
18.6, 131.262, 15.0, 20
18.8, 131.262, 0.0, 20
19.0, 131.262, 5.0, 20
19.2, 131.262, 10.0, 20
19.4, 131.262, 0.0, 20
19.6, 131.262, 10.0, 20
19.8, 131.262, 0.0, 20
20.0, 131.262, 0.0, 20
20.2, 131.262, 0.0, 20
20.4, 131.262, 0.0, 20
20.6, 131.262, 0.0, 20
20.8, 131.262, 0.0, 20
21.0, 131.262, 0.0, 20
21.2, 131.262, 0.0, 20
21.4, 131.262, 0.0, 20
21.6, 131.262, 0.0, 20
21.8, 131.262, 0.0, 20
22.0, 131.262, 0.0, 20
22.2, 131.262, 0.0, 20
22.4, 131.262, 0.0, 20
16.4, 147.244, 90.0, 20
16.6, 147.244, 85.0, 20
16.8, 147.244, 65.0, 20
17.0, 147.244, 70.0, 20
17.2, 147.244, 60.0, 20
17.4, 147.244, 35.0, 20
17.6, 147.244, 5.0, 20
17.8, 147.244, 5.0, 20
18.0, 147.244, 0.0, 20
18.2, 147.244, 10.0, 20
18.4, 147.244, 10.0, 20
18.6, 147.244, 5.0, 20
18.8, 147.244, 10.0, 20
19.0, 147.244, 0.0, 20
19.2, 147.244, 5.0, 20
19.4, 147.244, 0.0, 20
19.6, 147.244, 0.0, 20
19.8, 147.244, 0.0, 20
20.0, 147.244, 0.0, 20
20.2, 147.244, 0.0, 20
20.4, 147.244, 0.0, 20
20.6, 147.244, 0.0, 20
20.8, 147.244, 0.0, 20
21.0, 147.244, 0.0, 20
21.2, 147.244, 0.0, 20
21.4, 147.244, 0.0, 20
21.6, 147.244, 0.0, 20
21.8, 147.244, 0.0, 20
22.0, 147.244, 0.0, 20
22.2, 147.244, 0.0, 20
22.4, 147.244, 0.0, 20
16.4, 165.322, 75.0, 20
16.6, 165.322, 65.0, 20
16.8, 165.322, 45.0, 20
17.0, 165.322, 20.0, 20
17.2, 165.322, 25.0, 20
17.4, 165.322, 5.0, 20
17.6, 165.322, 20.0, 20
17.8, 165.322, 5.0, 20
18.0, 165.322, 5.0, 20
18.2, 165.322, 0.0, 20
18.4, 165.322, 5.0, 20
18.6, 165.322, 5.0, 20
18.8, 165.322, 5.0, 20
19.0, 165.322, 0.0, 20
19.2, 165.322, 5.0, 20
19.4, 165.322, 0.0, 20
19.6, 165.322, 0.0, 20
19.8, 165.322, 0.0, 20
20.0, 165.322, 0.0, 20
20.2, 165.322, 0.0, 20
20.4, 165.322, 0.0, 20
20.6, 165.322, 0.0, 20
20.8, 165.322, 0.0, 20
21.0, 165.322, 0.0, 20
21.2, 165.322, 0.0, 20
21.4, 165.322, 0.0, 20
21.6, 165.322, 0.0, 20
21.8, 165.322, 0.0, 20
22.0, 165.322, 0.0, 20
22.2, 165.322, 0.0, 20
22.4, 165.322, 0.0, 20
16.4, 185.496, 57.14285714285714, 14
16.6, 185.496, 57.14285714285714, 14
16.8, 185.496, 30.0, 20
17.0, 185.496, 10.0, 20
17.2, 185.496, 20.0, 20
17.4, 185.496, 0.0, 20
17.6, 185.496, 10.0, 20
17.8, 185.496, 15.0, 20
18.0, 185.496, 10.0, 20
18.2, 185.496, 0.0, 20
18.4, 185.496, 0.0, 20
18.6, 185.496, 5.0, 20
18.8, 185.496, 0.0, 20
19.0, 185.496, 10.0, 20
19.2, 185.496, 0.0, 20
19.4, 185.496, 0.0, 20
19.6, 185.496, 0.0, 20
19.8, 185.496, 0.0, 20
20.0, 185.496, 0.0, 20
20.2, 185.496, 0.0, 20
20.4, 185.496, 0.0, 20
20.6, 185.496, 0.0, 20
20.8, 185.496, 0.0, 20
21.0, 185.496, 0.0, 20
21.2, 185.496, 0.0, 20
21.4, 185.496, 0.0, 20
21.6, 185.496, 0.0, 20
21.8, 185.496, 0.0, 20
22.0, 185.496, 0.0, 20
22.2, 185.496, 0.0, 20
22.4, 185.496, 0.0, 20
16.4, 208.028, 71.42857142857142, 14
16.6, 208.028, 42.857142857142854, 14
16.8, 208.028, 20.0, 20
17.0, 208.028, 20.0, 20
17.2, 208.028, 0.0, 20
17.4, 208.028, 10.0, 20
17.6, 208.028, 5.0, 20
17.8, 208.028, 0.0, 20
18.0, 208.028, 0.0, 20
18.2, 208.028, 10.0, 20
18.4, 208.028, 5.0, 20
18.6, 208.028, 0.0, 20
18.8, 208.028, 0.0, 20
19.0, 208.028, 0.0, 20
19.2, 208.028, 0.0, 20
19.4, 208.028, 0.0, 20
19.6, 208.028, 0.0, 20
19.8, 208.028, 0.0, 20
20.0, 208.028, 0.0, 20
20.2, 208.028, 0.0, 20
20.4, 208.028, 0.0, 20
20.6, 208.028, 0.0, 20
20.8, 208.028, 0.0, 20
21.0, 208.028, 0.0, 20
21.2, 208.028, 0.0, 20
21.4, 208.028, 0.0, 20
21.6, 208.028, 0.0, 20
21.8, 208.028, 0.0, 20
22.0, 208.028, 0.0, 20
22.2, 208.028, 0.0, 20
22.4, 208.028, 0.0, 20
16.4, 233.442, 14.285714285714285, 14
16.6, 233.442, 21.428571428571427, 14
16.8, 233.442, 30.0, 20
17.0, 233.442, 5.0, 20
17.2, 233.442, 0.0, 20
17.4, 233.442, 5.0, 20
17.6, 233.442, 5.0, 20
17.8, 233.442, 0.0, 20
18.0, 233.442, 10.0, 20
18.2, 233.442, 0.0, 20
18.4, 233.442, 0.0, 20
18.6, 233.442, 0.0, 20
18.8, 233.442, 0.0, 20
19.0, 233.442, 0.0, 20
19.2, 233.442, 0.0, 20
19.4, 233.442, 0.0, 20
19.6, 233.442, 0.0, 20
19.8, 233.442, 0.0, 20
20.0, 233.442, 0.0, 20
20.2, 233.442, 0.0, 20
20.4, 233.442, 0.0, 20
20.6, 233.442, 0.0, 20
20.8, 233.442, 0.0, 20
21.0, 233.442, 0.0, 20
21.2, 233.442, 0.0, 20
21.4, 233.442, 0.0, 20
21.6, 233.442, 0.0, 20
21.8, 233.442, 0.0, 20
22.0, 233.442, 0.0, 20
22.2, 233.442, 0.0, 20
22.4, 233.442, 0.0, 20
16.4, 262.0, 7.142857142857142, 14
16.6, 262.0, 0.0, 14
16.8, 262.0, 10.0, 20
17.0, 262.0, 15.0, 20
17.2, 262.0, 5.0, 20
17.4, 262.0, 0.0, 20
17.6, 262.0, 5.0, 20
17.8, 262.0, 0.0, 20
18.0, 262.0, 5.0, 20
18.2, 262.0, 10.0, 20
18.4, 262.0, 0.0, 20
18.6, 262.0, 0.0, 20
18.8, 262.0, 0.0, 20
19.0, 262.0, 0.0, 20
19.2, 262.0, 0.0, 20
19.4, 262.0, 0.0, 20
19.6, 262.0, 0.0, 20
19.8, 262.0, 0.0, 20
20.0, 262.0, 0.0, 20
20.2, 262.0, 0.0, 20
20.4, 262.0, 0.0, 20
20.6, 262.0, 0.0, 20
20.8, 262.0, 0.0, 20
21.0, 262.0, 0.0, 20
21.2, 262.0, 0.0, 20
21.4, 262.0, 0.0, 20
21.6, 262.0, 0.0, 20
21.8, 262.0, 0.0, 20
22.0, 262.0, 0.0, 20
22.2, 262.0, 0.0, 20
22.4, 262.0, 0.0, 20
16.4, 293.964, 35.71428571428571, 14
16.6, 293.964, 35.71428571428571, 14
16.8, 293.964, 20.0, 20
17.0, 293.964, 10.0, 20
17.2, 293.964, 15.0, 20
17.4, 293.964, 20.0, 20
17.6, 293.964, 5.0, 20
17.8, 293.964, 5.0, 20
18.0, 293.964, 0.0, 20
18.2, 293.964, 0.0, 20
18.4, 293.964, 0.0, 20
18.6, 293.964, 0.0, 20
18.8, 293.964, 0.0, 20
19.0, 293.964, 0.0, 20
19.2, 293.964, 0.0, 20
19.4, 293.964, 0.0, 20
19.6, 293.964, 0.0, 20
19.8, 293.964, 0.0, 20
20.0, 293.964, 0.0, 20
20.2, 293.964, 0.0, 20
20.4, 293.964, 0.0, 20
20.6, 293.964, 0.0, 20
20.8, 293.964, 0.0, 20
21.0, 293.964, 0.0, 20
21.2, 293.964, 0.0, 20
21.4, 293.964, 0.0, 20
21.6, 293.964, 0.0, 20
21.8, 293.964, 0.0, 20
22.0, 293.964, 0.0, 20
22.2, 293.964, 0.0, 20
22.4, 293.964, 0.0, 20
16.4, 329.858, 28.57142857142857, 14
16.6, 329.858, 0.0, 14
16.8, 329.858, 15.0, 20
17.0, 329.858, 0.0, 20
17.2, 329.858, 5.0, 20
17.4, 329.858, 15.0, 20
17.6, 329.858, 5.0, 20
17.8, 329.858, 0.0, 20
18.0, 329.858, 0.0, 20
18.2, 329.858, 0.0, 20
18.4, 329.858, 0.0, 20
18.6, 329.858, 0.0, 20
18.8, 329.858, 0.0, 20
19.0, 329.858, 0.0, 20
19.2, 329.858, 0.0, 20
19.4, 329.858, 0.0, 20
19.6, 329.858, 0.0, 20
19.8, 329.858, 0.0, 20
20.0, 329.858, 0.0, 20
20.2, 329.858, 0.0, 20
20.4, 329.858, 0.0, 20
20.6, 329.858, 0.0, 20
20.8, 329.858, 0.0, 20
21.0, 329.858, 0.0, 20
21.2, 329.858, 0.0, 20
21.4, 329.858, 0.0, 20
21.6, 329.858, 0.0, 20
21.8, 329.858, 0.0, 20
22.0, 329.858, 0.0, 20
22.2, 329.858, 0.0, 20
22.4, 329.858, 0.0, 20
16.4, 370.206, 14.285714285714285, 14
16.6, 370.206, 7.142857142857142, 14
16.8, 370.206, 10.0, 20
17.0, 370.206, 0.0, 20
17.2, 370.206, 10.0, 20
17.4, 370.206, 0.0, 20
17.6, 370.206, 0.0, 20
17.8, 370.206, 0.0, 20
18.0, 370.206, 0.0, 20
18.2, 370.206, 0.0, 20
18.4, 370.206, 0.0, 20
18.6, 370.206, 0.0, 20
18.8, 370.206, 0.0, 20
19.0, 370.206, 0.0, 20
19.2, 370.206, 0.0, 20
19.4, 370.206, 0.0, 20
19.6, 370.206, 0.0, 20
19.8, 370.206, 0.0, 20
20.0, 370.206, 0.0, 20
20.2, 370.206, 0.0, 20
20.4, 370.206, 0.0, 20
20.6, 370.206, 0.0, 20
20.8, 370.206, 0.0, 20
21.0, 370.206, 0.0, 20
21.2, 370.206, 0.0, 20
21.4, 370.206, 0.0, 20
21.6, 370.206, 0.0, 20
21.8, 370.206, 0.0, 20
22.0, 370.206, 0.0, 20
22.2, 370.206, 0.0, 20
22.4, 370.206, 0.0, 20
