#Column 1: Magnitude of injected artificial galaxy 
#Column 2: Effective radius in arcsecsonds of the injected artificial galaxy 
#Column 3: The algroithm's percentage (0 to 100) of objects recovered 
#Column 4: The number of artificial galaxies injected 
mag,rho,eff_rd, n_inj 
15.0, 2.62, 3.125, 160
15.2, 2.62, 2.5, 160
15.4, 2.62, 5.0, 160
15.6, 2.62, 5.625, 160
15.8, 2.62, 4.375, 160
16.0, 2.62, 3.75, 160
16.2, 2.62, 3.75, 160
16.4, 2.62, 3.125, 160
16.6, 2.62, 2.5, 160
16.8, 2.62, 3.125, 160
17.0, 2.62, 5.0, 160
17.2, 2.62, 8.125, 160
17.4, 2.62, 4.375, 160
17.6, 2.62, 9.375, 160
17.8, 2.62, 20.0, 160
18.0, 2.62, 25.625, 160
18.2, 2.62, 36.25, 160
18.4, 2.62, 45.0, 160
18.6, 2.62, 41.875, 160
18.8, 2.62, 54.375, 160
19.0, 2.62, 51.875, 160
19.2, 2.62, 57.5, 160
19.4, 2.62, 49.375, 160
19.6, 2.62, 49.375, 160
19.8, 2.62, 47.5, 160
20.0, 2.62, 51.875, 160
20.2, 2.62, 47.5, 160
20.4, 2.62, 42.5, 160
20.6, 2.62, 43.125, 160
20.8, 2.62, 26.875, 160
21.0, 2.62, 25.0, 160
21.2, 2.62, 19.375, 160
21.4, 2.62, 17.5, 160
21.6, 2.62, 10.625, 160
21.8, 2.62, 7.5, 160
22.0, 2.62, 4.375, 160
22.2, 2.62, 5.625, 160
22.4, 2.62, 2.5, 160
15.0, 2.882, 3.125, 160
15.2, 2.882, 1.25, 160
15.4, 2.882, 3.125, 160
15.6, 2.882, 6.25, 160
15.8, 2.882, 3.75, 160
16.0, 2.882, 1.875, 160
16.2, 2.882, 5.0, 160
16.4, 2.882, 3.125, 160
16.6, 2.882, 4.375, 160
16.8, 2.882, 6.875, 160
17.0, 2.882, 8.125, 160
17.2, 2.882, 12.5, 160
17.4, 2.882, 13.75, 160
17.6, 2.882, 28.125, 160
17.8, 2.882, 41.25, 160
18.0, 2.882, 48.75, 160
18.2, 2.882, 51.875, 160
18.4, 2.882, 60.0, 160
18.6, 2.882, 55.0, 160
18.8, 2.882, 59.375, 160
19.0, 2.882, 63.75, 160
19.2, 2.882, 64.375, 160
19.4, 2.882, 65.0, 160
19.6, 2.882, 56.25, 160
19.8, 2.882, 64.375, 160
20.0, 2.882, 64.375, 160
20.2, 2.882, 60.625, 160
20.4, 2.882, 54.375, 160
20.6, 2.882, 46.25, 160
20.8, 2.882, 42.5, 160
21.0, 2.882, 37.5, 160
21.2, 2.882, 23.125, 160
21.4, 2.882, 18.75, 160
21.6, 2.882, 12.5, 160
21.8, 2.882, 8.125, 160
22.0, 2.882, 8.125, 160
22.2, 2.882, 7.5, 160
22.4, 2.882, 6.25, 160
15.0, 3.406, 5.625, 160
15.2, 3.406, 2.5, 160
15.4, 3.406, 4.375, 160
15.6, 3.406, 0.625, 160
15.8, 3.406, 1.875, 160
16.0, 3.406, 2.5, 160
16.2, 3.406, 6.875, 160
16.4, 3.406, 3.125, 160
16.6, 3.406, 9.375, 160
16.8, 3.406, 11.875, 160
17.0, 3.406, 26.875, 160
17.2, 3.406, 41.25, 160
17.4, 3.406, 55.0, 160
17.6, 3.406, 63.75, 160
17.8, 3.406, 68.125, 160
18.0, 3.406, 73.125, 160
18.2, 3.406, 73.125, 160
18.4, 3.406, 85.0, 160
18.6, 3.406, 77.5, 160
18.8, 3.406, 78.75, 160
19.0, 3.406, 82.5, 160
19.2, 3.406, 85.0, 160
19.4, 3.406, 85.0, 160
19.6, 3.406, 80.625, 160
19.8, 3.406, 85.625, 160
20.0, 3.406, 75.0, 160
20.2, 3.406, 70.625, 160
20.4, 3.406, 66.25, 160
20.6, 3.406, 68.125, 160
20.8, 3.406, 53.75, 160
21.0, 3.406, 52.5, 160
21.2, 3.406, 38.125, 160
21.4, 3.406, 24.375, 160
21.6, 3.406, 21.875, 160
21.8, 3.406, 13.125, 160
22.0, 3.406, 6.875, 160
22.2, 3.406, 5.625, 160
22.4, 3.406, 6.25, 160
15.0, 3.668, 3.125, 160
15.2, 3.668, 3.125, 160
15.4, 3.668, 3.75, 160
15.6, 3.668, 5.625, 160
15.8, 3.668, 4.375, 160
16.0, 3.668, 4.375, 160
16.2, 3.668, 5.0, 160
16.4, 3.668, 8.75, 160
16.6, 3.668, 12.5, 160
16.8, 3.668, 28.75, 160
17.0, 3.668, 45.625, 160
17.2, 3.668, 63.125, 160
17.4, 3.668, 65.625, 160
17.6, 3.668, 76.875, 160
17.8, 3.668, 85.0, 160
18.0, 3.668, 83.125, 160
18.2, 3.668, 86.875, 160
18.4, 3.668, 81.875, 160
18.6, 3.668, 91.875, 160
18.8, 3.668, 89.375, 160
19.0, 3.668, 84.375, 160
19.2, 3.668, 84.375, 160
19.4, 3.668, 86.25, 160
19.6, 3.668, 85.625, 160
19.8, 3.668, 88.125, 160
20.0, 3.668, 82.5, 160
20.2, 3.668, 73.125, 160
20.4, 3.668, 75.625, 160
20.6, 3.668, 69.375, 160
20.8, 3.668, 63.125, 160
21.0, 3.668, 52.5, 160
21.2, 3.668, 46.875, 160
21.4, 3.668, 21.25, 160
21.6, 3.668, 16.875, 160
21.8, 3.668, 7.5, 160
22.0, 3.668, 6.875, 160
22.2, 3.668, 8.125, 160
22.4, 3.668, 3.125, 160
15.0, 4.192, 1.875, 160
15.2, 4.192, 5.0, 160
15.4, 4.192, 4.375, 160
15.6, 4.192, 4.375, 160
15.8, 4.192, 5.625, 160
16.0, 4.192, 3.125, 160
16.2, 4.192, 21.25, 160
16.4, 4.192, 35.625, 160
16.6, 4.192, 55.625, 160
16.8, 4.192, 65.0, 160
17.0, 4.192, 78.125, 160
17.2, 4.192, 85.0, 160
17.4, 4.192, 89.375, 160
17.6, 4.192, 90.625, 160
17.8, 4.192, 91.875, 160
18.0, 4.192, 90.0, 160
18.2, 4.192, 93.125, 160
18.4, 4.192, 91.25, 160
18.6, 4.192, 96.25, 160
18.8, 4.192, 95.0, 160
19.0, 4.192, 90.625, 160
19.2, 4.192, 96.875, 160
19.4, 4.192, 93.75, 160
19.6, 4.192, 91.25, 160
19.8, 4.192, 88.125, 160
20.0, 4.192, 88.75, 160
20.2, 4.192, 86.875, 160
20.4, 4.192, 81.25, 160
20.6, 4.192, 74.375, 160
20.8, 4.192, 66.875, 160
21.0, 4.192, 58.125, 160
21.2, 4.192, 41.25, 160
21.4, 4.192, 26.875, 160
21.6, 4.192, 18.125, 160
21.8, 4.192, 11.875, 160
22.0, 4.192, 6.25, 160
22.2, 4.192, 6.875, 160
22.4, 4.192, 4.375, 160
15.0, 4.716, 1.875, 160
15.2, 4.716, 4.375, 160
15.4, 4.716, 5.625, 160
15.6, 4.716, 2.5, 160
15.8, 4.716, 12.5, 160
16.0, 4.716, 18.125, 160
16.2, 4.716, 53.75, 160
16.4, 4.716, 65.0, 160
16.6, 4.716, 85.0, 160
16.8, 4.716, 92.5, 160
17.0, 4.716, 95.625, 160
17.2, 4.716, 95.625, 160
17.4, 4.716, 96.25, 160
17.6, 4.716, 96.875, 160
17.8, 4.716, 94.375, 160
18.0, 4.716, 96.875, 160
18.2, 4.716, 95.0, 160
18.4, 4.716, 95.625, 160
18.6, 4.716, 98.125, 160
18.8, 4.716, 96.25, 160
19.0, 4.716, 93.75, 160
19.2, 4.716, 96.25, 160
19.4, 4.716, 95.625, 160
19.6, 4.716, 93.75, 160
19.8, 4.716, 93.125, 160
20.0, 4.716, 90.625, 160
20.2, 4.716, 91.25, 160
20.4, 4.716, 84.375, 160
20.6, 4.716, 81.875, 160
20.8, 4.716, 72.5, 160
21.0, 4.716, 57.5, 160
21.2, 4.716, 43.75, 160
21.4, 4.716, 22.5, 160
21.6, 4.716, 17.5, 160
21.8, 4.716, 11.875, 160
22.0, 4.716, 10.0, 160
22.2, 4.716, 11.25, 160
22.4, 4.716, 6.25, 160
15.0, 5.24, 4.375, 160
15.2, 5.24, 3.125, 160
15.4, 5.24, 4.375, 160
15.6, 5.24, 15.0, 160
15.8, 5.24, 29.375, 160
16.0, 5.24, 60.0, 160
16.2, 5.24, 86.25, 160
16.4, 5.24, 96.25, 160
16.6, 5.24, 96.875, 160
16.8, 5.24, 98.125, 160
17.0, 5.24, 98.125, 160
17.2, 5.24, 96.25, 160
17.4, 5.24, 96.875, 160
17.6, 5.24, 96.25, 160
17.8, 5.24, 96.875, 160
18.0, 5.24, 98.125, 160
18.2, 5.24, 94.375, 160
18.4, 5.24, 96.25, 160
18.6, 5.24, 98.75, 160
18.8, 5.24, 97.5, 160
19.0, 5.24, 95.0, 160
19.2, 5.24, 97.5, 160
19.4, 5.24, 97.5, 160
19.6, 5.24, 93.75, 160
19.8, 5.24, 91.875, 160
20.0, 5.24, 94.375, 160
20.2, 5.24, 91.875, 160
20.4, 5.24, 88.75, 160
20.6, 5.24, 83.75, 160
20.8, 5.24, 71.25, 160
21.0, 5.24, 52.5, 160
21.2, 5.24, 38.125, 160
21.4, 5.24, 20.625, 160
21.6, 5.24, 16.25, 160
21.8, 5.24, 8.125, 160
22.0, 5.24, 8.75, 160
22.2, 5.24, 7.5, 160
22.4, 5.24, 4.375, 160
15.0, 5.764, 1.875, 160
15.2, 5.764, 4.375, 160
15.4, 5.764, 14.375, 160
15.6, 5.764, 48.75, 160
15.8, 5.764, 80.0, 160
16.0, 5.764, 96.875, 160
16.2, 5.764, 95.625, 160
16.4, 5.764, 100.0, 160
16.6, 5.764, 96.25, 160
16.8, 5.764, 98.125, 160
17.0, 5.764, 97.5, 160
17.2, 5.764, 95.0, 160
17.4, 5.764, 97.5, 160
17.6, 5.764, 95.625, 160
17.8, 5.764, 97.5, 160
18.0, 5.764, 99.375, 160
18.2, 5.764, 98.125, 160
18.4, 5.764, 98.125, 160
18.6, 5.764, 96.875, 160
18.8, 5.764, 98.125, 160
19.0, 5.764, 96.875, 160
19.2, 5.764, 98.125, 160
19.4, 5.764, 98.125, 160
19.6, 5.764, 96.875, 160
19.8, 5.764, 95.0, 160
20.0, 5.764, 95.625, 160
20.2, 5.764, 91.875, 160
20.4, 5.764, 88.125, 160
20.6, 5.764, 76.875, 160
20.8, 5.764, 65.0, 160
21.0, 5.764, 53.125, 160
21.2, 5.764, 39.375, 160
21.4, 5.764, 21.25, 160
21.6, 5.764, 18.125, 160
21.8, 5.764, 9.375, 160
22.0, 5.764, 8.75, 160
22.2, 5.764, 10.0, 160
22.4, 5.764, 4.375, 160
15.0, 6.55, 14.375, 160
15.2, 6.55, 37.5, 160
15.4, 6.55, 81.25, 160
15.6, 6.55, 94.375, 160
15.8, 6.55, 95.0, 160
16.0, 6.55, 96.875, 160
16.2, 6.55, 97.5, 160
16.4, 6.55, 97.5, 160
16.6, 6.55, 97.5, 160
16.8, 6.55, 95.625, 160
17.0, 6.55, 98.125, 160
17.2, 6.55, 97.5, 160
17.4, 6.55, 98.125, 160
17.6, 6.55, 98.75, 160
17.8, 6.55, 97.5, 160
18.0, 6.55, 96.875, 160
18.2, 6.55, 97.5, 160
18.4, 6.55, 97.5, 160
18.6, 6.55, 98.125, 160
18.8, 6.55, 94.375, 160
19.0, 6.55, 97.5, 160
19.2, 6.55, 96.875, 160
19.4, 6.55, 96.25, 160
19.6, 6.55, 95.625, 160
19.8, 6.55, 97.5, 160
20.0, 6.55, 96.875, 160
20.2, 6.55, 90.0, 160
20.4, 6.55, 87.5, 160
20.6, 6.55, 78.125, 160
20.8, 6.55, 70.0, 160
21.0, 6.55, 51.875, 160
21.2, 6.55, 31.25, 160
21.4, 6.55, 20.0, 160
21.6, 6.55, 15.0, 160
21.8, 6.55, 4.375, 160
22.0, 6.55, 5.625, 160
22.2, 6.55, 5.625, 160
22.4, 6.55, 6.875, 160
15.0, 7.336, 79.375, 160
15.2, 7.336, 95.0, 160
15.4, 7.336, 98.75, 160
15.6, 7.336, 98.75, 160
15.8, 7.336, 98.75, 160
16.0, 7.336, 98.125, 160
16.2, 7.336, 98.75, 160
16.4, 7.336, 96.875, 160
16.6, 7.336, 97.5, 160
16.8, 7.336, 98.125, 160
17.0, 7.336, 98.75, 160
17.2, 7.336, 95.625, 160
17.4, 7.336, 98.125, 160
17.6, 7.336, 98.125, 160
17.8, 7.336, 97.5, 160
18.0, 7.336, 98.125, 160
18.2, 7.336, 96.25, 160
18.4, 7.336, 95.625, 160
18.6, 7.336, 98.125, 160
18.8, 7.336, 96.25, 160
19.0, 7.336, 97.5, 160
19.2, 7.336, 95.625, 160
19.4, 7.336, 98.125, 160
19.6, 7.336, 98.75, 160
19.8, 7.336, 95.625, 160
20.0, 7.336, 96.25, 160
20.2, 7.336, 92.5, 160
20.4, 7.336, 85.625, 160
20.6, 7.336, 70.625, 160
20.8, 7.336, 68.75, 160
21.0, 7.336, 46.875, 160
21.2, 7.336, 28.125, 160
21.4, 7.336, 21.875, 160
21.6, 7.336, 16.875, 160
21.8, 7.336, 10.0, 160
22.0, 7.336, 5.0, 160
22.2, 7.336, 5.0, 160
22.4, 7.336, 5.625, 160
15.0, 8.384, 96.25, 160
15.2, 8.384, 95.625, 160
15.4, 8.384, 98.125, 160
15.6, 8.384, 98.75, 160
15.8, 8.384, 98.125, 160
16.0, 8.384, 96.875, 160
16.2, 8.384, 99.375, 160
16.4, 8.384, 99.375, 160
16.6, 8.384, 98.75, 160
16.8, 8.384, 100.0, 160
17.0, 8.384, 96.875, 160
17.2, 8.384, 97.5, 160
17.4, 8.384, 98.75, 160
17.6, 8.384, 98.75, 160
17.8, 8.384, 96.875, 160
18.0, 8.384, 98.75, 160
18.2, 8.384, 98.125, 160
18.4, 8.384, 99.375, 160
18.6, 8.384, 99.375, 160
18.8, 8.384, 98.125, 160
19.0, 8.384, 96.25, 160
19.2, 8.384, 98.125, 160
19.4, 8.384, 94.375, 160
19.6, 8.384, 95.625, 160
19.8, 8.384, 97.5, 160
20.0, 8.384, 96.875, 160
20.2, 8.384, 91.875, 160
20.4, 8.384, 87.5, 160
20.6, 8.384, 73.75, 160
20.8, 8.384, 56.25, 160
21.0, 8.384, 43.125, 160
21.2, 8.384, 22.5, 160
21.4, 8.384, 15.0, 160
21.6, 8.384, 10.0, 160
21.8, 8.384, 9.375, 160
22.0, 8.384, 6.875, 160
22.2, 8.384, 6.875, 160
22.4, 8.384, 5.0, 160
15.0, 9.17, 95.625, 160
15.2, 9.17, 97.5, 160
15.4, 9.17, 97.5, 160
15.6, 9.17, 98.75, 160
15.8, 9.17, 97.5, 160
16.0, 9.17, 98.125, 160
16.2, 9.17, 97.5, 160
16.4, 9.17, 97.5, 160
16.6, 9.17, 99.375, 160
16.8, 9.17, 97.5, 160
17.0, 9.17, 98.125, 160
17.2, 9.17, 96.875, 160
17.4, 9.17, 98.125, 160
17.6, 9.17, 99.375, 160
17.8, 9.17, 96.875, 160
18.0, 9.17, 98.75, 160
18.2, 9.17, 98.75, 160
18.4, 9.17, 99.375, 160
18.6, 9.17, 98.75, 160
18.8, 9.17, 96.875, 160
19.0, 9.17, 95.625, 160
19.2, 9.17, 98.125, 160
19.4, 9.17, 96.875, 160
19.6, 9.17, 96.25, 160
19.8, 9.17, 95.625, 160
20.0, 9.17, 91.875, 160
20.2, 9.17, 88.125, 160
20.4, 9.17, 82.5, 160
20.6, 9.17, 76.875, 160
20.8, 9.17, 51.25, 160
21.0, 9.17, 36.875, 160
21.2, 9.17, 26.25, 160
21.4, 9.17, 18.75, 160
21.6, 9.17, 13.125, 160
21.8, 9.17, 11.25, 160
22.0, 9.17, 5.625, 160
22.2, 9.17, 8.125, 160
22.4, 9.17, 6.875, 160
15.0, 10.48, 99.375, 160
15.2, 10.48, 98.125, 160
15.4, 10.48, 98.75, 160
15.6, 10.48, 98.75, 160
15.8, 10.48, 96.875, 160
16.0, 10.48, 97.5, 160
16.2, 10.48, 97.5, 160
16.4, 10.48, 100.0, 160
16.6, 10.48, 97.5, 160
16.8, 10.48, 97.5, 160
17.0, 10.48, 96.875, 160
17.2, 10.48, 98.125, 160
17.4, 10.48, 95.625, 160
17.6, 10.48, 95.625, 160
17.8, 10.48, 99.375, 160
18.0, 10.48, 97.5, 160
18.2, 10.48, 96.25, 160
18.4, 10.48, 98.75, 160
18.6, 10.48, 96.25, 160
18.8, 10.48, 97.5, 160
19.0, 10.48, 96.875, 160
19.2, 10.48, 98.75, 160
19.4, 10.48, 99.375, 160
19.6, 10.48, 96.875, 160
19.8, 10.48, 96.25, 160
20.0, 10.48, 93.75, 160
20.2, 10.48, 91.25, 160
20.4, 10.48, 85.0, 160
20.6, 10.48, 63.125, 160
20.8, 10.48, 50.625, 160
21.0, 10.48, 33.125, 160
21.2, 10.48, 19.375, 160
21.4, 10.48, 14.375, 160
21.6, 10.48, 11.875, 160
21.8, 10.48, 8.125, 160
22.0, 10.48, 8.125, 160
22.2, 10.48, 8.75, 160
22.4, 10.48, 4.375, 160
15.0, 11.79, 98.75, 160
15.2, 11.79, 100.0, 160
15.4, 11.79, 97.5, 160
15.6, 11.79, 100.0, 160
15.8, 11.79, 97.5, 160
16.0, 11.79, 99.375, 160
16.2, 11.79, 98.75, 160
16.4, 11.79, 98.125, 160
16.6, 11.79, 95.0, 160
16.8, 11.79, 99.375, 160
17.0, 11.79, 96.875, 160
17.2, 11.79, 99.375, 160
17.4, 11.79, 98.75, 160
17.6, 11.79, 98.75, 160
17.8, 11.79, 98.125, 160
18.0, 11.79, 99.375, 160
18.2, 11.79, 98.75, 160
18.4, 11.79, 99.375, 160
18.6, 11.79, 100.0, 160
18.8, 11.79, 99.375, 160
19.0, 11.79, 98.125, 160
19.2, 11.79, 96.25, 160
19.4, 11.79, 95.0, 160
19.6, 11.79, 97.5, 160
19.8, 11.79, 96.875, 160
20.0, 11.79, 94.375, 160
20.2, 11.79, 87.5, 160
20.4, 11.79, 75.0, 160
20.6, 11.79, 58.125, 160
20.8, 11.79, 39.375, 160
21.0, 11.79, 24.375, 160
21.2, 11.79, 20.625, 160
21.4, 11.79, 13.125, 160
21.6, 11.79, 8.75, 160
21.8, 11.79, 7.5, 160
22.0, 11.79, 6.875, 160
22.2, 11.79, 6.25, 160
22.4, 11.79, 4.375, 160
15.0, 13.1, 98.75, 160
15.2, 13.1, 98.75, 160
15.4, 13.1, 98.75, 160
15.6, 13.1, 100.0, 160
15.8, 13.1, 96.25, 160
16.0, 13.1, 96.875, 160
16.2, 13.1, 99.375, 160
16.4, 13.1, 98.75, 160
16.6, 13.1, 98.75, 160
16.8, 13.1, 98.75, 160
17.0, 13.1, 98.75, 160
17.2, 13.1, 99.375, 160
17.4, 13.1, 98.125, 160
17.6, 13.1, 98.125, 160
17.8, 13.1, 98.75, 160
18.0, 13.1, 99.375, 160
18.2, 13.1, 99.375, 160
18.4, 13.1, 98.75, 160
18.6, 13.1, 97.5, 160
18.8, 13.1, 98.125, 160
19.0, 13.1, 96.25, 160
19.2, 13.1, 98.75, 160
19.4, 13.1, 97.5, 160
19.6, 13.1, 93.75, 160
19.8, 13.1, 96.875, 160
20.0, 13.1, 88.75, 160
20.2, 13.1, 83.125, 160
20.4, 13.1, 64.375, 160
20.6, 13.1, 43.125, 160
20.8, 13.1, 32.5, 160
21.0, 13.1, 22.5, 160
21.2, 13.1, 9.375, 160
21.4, 13.1, 15.0, 160
21.6, 13.1, 8.125, 160
21.8, 13.1, 5.0, 160
22.0, 13.1, 6.875, 160
22.2, 13.1, 6.875, 160
22.4, 13.1, 4.375, 160
15.0, 14.672, 99.375, 160
15.2, 14.672, 98.75, 160
15.4, 14.672, 100.0, 160
15.6, 14.672, 98.125, 160
15.8, 14.672, 96.875, 160
16.0, 14.672, 97.5, 160
16.2, 14.672, 99.375, 160
16.4, 14.672, 98.75, 160
16.6, 14.672, 96.875, 160
16.8, 14.672, 98.125, 160
17.0, 14.672, 97.5, 160
17.2, 14.672, 98.125, 160
17.4, 14.672, 98.125, 160
17.6, 14.672, 98.125, 160
17.8, 14.672, 98.125, 160
18.0, 14.672, 97.5, 160
18.2, 14.672, 98.125, 160
18.4, 14.672, 98.125, 160
18.6, 14.672, 96.25, 160
18.8, 14.672, 97.5, 160
19.0, 14.672, 98.125, 160
19.2, 14.672, 95.625, 160
19.4, 14.672, 97.5, 160
19.6, 14.672, 96.25, 160
19.8, 14.672, 95.625, 160
20.0, 14.672, 88.125, 160
20.2, 14.672, 73.75, 160
20.4, 14.672, 54.375, 160
20.6, 14.672, 36.25, 160
20.8, 14.672, 30.0, 160
21.0, 14.672, 15.0, 160
21.2, 14.672, 11.25, 160
21.4, 14.672, 10.625, 160
21.6, 14.672, 5.0, 160
21.8, 14.672, 3.125, 160
22.0, 14.672, 8.125, 160
22.2, 14.672, 5.625, 160
22.4, 14.672, 3.75, 160
15.0, 16.506, 98.75, 160
15.2, 16.506, 100.0, 160
15.4, 16.506, 100.0, 160
15.6, 16.506, 98.75, 160
15.8, 16.506, 99.375, 160
16.0, 16.506, 98.75, 160
16.2, 16.506, 98.125, 160
16.4, 16.506, 98.75, 160
16.6, 16.506, 98.75, 160
16.8, 16.506, 98.125, 160
17.0, 16.506, 98.75, 160
17.2, 16.506, 98.125, 160
17.4, 16.506, 98.125, 160
17.6, 16.506, 97.5, 160
17.8, 16.506, 98.125, 160
18.0, 16.506, 100.0, 160
18.2, 16.506, 98.125, 160
18.4, 16.506, 96.25, 160
18.6, 16.506, 97.5, 160
18.8, 16.506, 99.375, 160
19.0, 16.506, 98.75, 160
19.2, 16.506, 97.5, 160
19.4, 16.506, 96.875, 160
19.6, 16.506, 95.0, 160
19.8, 16.506, 95.625, 160
20.0, 16.506, 86.25, 160
20.2, 16.506, 64.375, 160
20.4, 16.506, 50.0, 160
20.6, 16.506, 31.25, 160
20.8, 16.506, 25.0, 160
21.0, 16.506, 8.75, 160
21.2, 16.506, 12.5, 160
21.4, 16.506, 13.125, 160
21.6, 16.506, 6.875, 160
21.8, 16.506, 6.875, 160
22.0, 16.506, 6.25, 160
22.2, 16.506, 6.875, 160
22.4, 16.506, 6.875, 160
15.0, 18.602, 98.75, 160
15.2, 18.602, 98.125, 160
15.4, 18.602, 99.375, 160
15.6, 18.602, 99.375, 160
15.8, 18.602, 98.125, 160
16.0, 18.602, 99.375, 160
16.2, 18.602, 99.375, 160
16.4, 18.602, 96.875, 160
16.6, 18.602, 99.375, 160
16.8, 18.602, 98.75, 160
17.0, 18.602, 96.25, 160
17.2, 18.602, 98.75, 160
17.4, 18.602, 96.875, 160
17.6, 18.602, 95.625, 160
17.8, 18.602, 96.875, 160
18.0, 18.602, 96.25, 160
18.2, 18.602, 97.5, 160
18.4, 18.602, 97.5, 160
18.6, 18.602, 98.125, 160
18.8, 18.602, 98.75, 160
19.0, 18.602, 96.25, 160
19.2, 18.602, 96.875, 160
19.4, 18.602, 98.125, 160
19.6, 18.602, 96.875, 160
19.8, 18.602, 86.25, 160
20.0, 18.602, 69.375, 160
20.2, 18.602, 50.625, 160
20.4, 18.602, 35.0, 160
20.6, 18.602, 24.375, 160
20.8, 18.602, 13.75, 160
21.0, 18.602, 15.0, 160
21.2, 18.602, 8.75, 160
21.4, 18.602, 8.125, 160
21.6, 18.602, 9.375, 160
21.8, 18.602, 6.875, 160
22.0, 18.602, 1.875, 160
22.2, 18.602, 7.5, 160
22.4, 18.602, 6.875, 160
15.0, 20.698, 98.125, 160
15.2, 20.698, 99.375, 160
15.4, 20.698, 100.0, 160
15.6, 20.698, 99.375, 160
15.8, 20.698, 97.5, 160
16.0, 20.698, 98.75, 160
16.2, 20.698, 98.125, 160
16.4, 20.698, 99.375, 160
16.6, 20.698, 98.125, 160
16.8, 20.698, 99.375, 160
17.0, 20.698, 98.125, 160
17.2, 20.698, 99.375, 160
17.4, 20.698, 99.375, 160
17.6, 20.698, 99.375, 160
17.8, 20.698, 99.375, 160
18.0, 20.698, 98.75, 160
18.2, 20.698, 99.375, 160
18.4, 20.698, 96.875, 160
18.6, 20.698, 98.75, 160
18.8, 20.698, 98.125, 160
19.0, 20.698, 98.75, 160
19.2, 20.698, 98.75, 160
19.4, 20.698, 98.75, 160
19.6, 20.698, 89.375, 160
19.8, 20.698, 81.875, 160
20.0, 20.698, 60.0, 160
20.2, 20.698, 45.0, 160
20.4, 20.698, 21.25, 160
20.6, 20.698, 23.125, 160
20.8, 20.698, 13.75, 160
21.0, 20.698, 7.5, 160
21.2, 20.698, 5.0, 160
21.4, 20.698, 8.125, 160
21.6, 20.698, 6.875, 160
21.8, 20.698, 5.625, 160
22.0, 20.698, 6.25, 160
22.2, 20.698, 6.875, 160
22.4, 20.698, 4.375, 160
15.0, 23.318, 98.125, 160
15.2, 23.318, 98.75, 160
15.4, 23.318, 98.75, 160
15.6, 23.318, 100.0, 160
15.8, 23.318, 97.5, 160
16.0, 23.318, 98.125, 160
16.2, 23.318, 98.75, 160
16.4, 23.318, 98.125, 160
16.6, 23.318, 96.875, 160
16.8, 23.318, 99.375, 160
17.0, 23.318, 98.75, 160
17.2, 23.318, 98.125, 160
17.4, 23.318, 100.0, 160
17.6, 23.318, 98.75, 160
17.8, 23.318, 96.25, 160
18.0, 23.318, 98.75, 160
18.2, 23.318, 99.375, 160
18.4, 23.318, 98.125, 160
18.6, 23.318, 99.375, 160
18.8, 23.318, 96.875, 160
19.0, 23.318, 100.0, 160
19.2, 23.318, 98.75, 160
19.4, 23.318, 91.875, 160
19.6, 23.318, 86.25, 160
19.8, 23.318, 57.5, 160
20.0, 23.318, 45.0, 160
20.2, 23.318, 30.0, 160
20.4, 23.318, 20.0, 160
20.6, 23.318, 17.5, 160
20.8, 23.318, 8.75, 160
21.0, 23.318, 8.75, 160
21.2, 23.318, 10.0, 160
21.4, 23.318, 4.375, 160
21.6, 23.318, 9.375, 160
21.8, 23.318, 1.875, 160
22.0, 23.318, 3.125, 160
22.2, 23.318, 6.25, 160
22.4, 23.318, 1.875, 160
15.0, 26.2, 99.375, 160
15.2, 26.2, 98.75, 160
15.4, 26.2, 98.125, 160
15.6, 26.2, 98.125, 160
15.8, 26.2, 100.0, 160
16.0, 26.2, 98.75, 160
16.2, 26.2, 98.75, 160
16.4, 26.2, 99.375, 160
16.6, 26.2, 96.875, 160
16.8, 26.2, 99.375, 160
17.0, 26.2, 100.0, 160
17.2, 26.2, 98.75, 160
17.4, 26.2, 98.75, 160
17.6, 26.2, 98.125, 160
17.8, 26.2, 98.125, 160
18.0, 26.2, 97.5, 160
18.2, 26.2, 98.125, 160
18.4, 26.2, 96.25, 160
18.6, 26.2, 98.75, 160
18.8, 26.2, 98.75, 160
19.0, 26.2, 95.0, 160
19.2, 26.2, 96.25, 160
19.4, 26.2, 86.875, 160
19.6, 26.2, 64.375, 160
19.8, 26.2, 48.125, 160
20.0, 26.2, 28.125, 160
20.2, 26.2, 18.75, 160
20.4, 26.2, 15.625, 160
20.6, 26.2, 6.875, 160
20.8, 26.2, 10.625, 160
21.0, 26.2, 6.875, 160
21.2, 26.2, 5.625, 160
21.4, 26.2, 3.125, 160
21.6, 26.2, 3.75, 160
21.8, 26.2, 5.625, 160
22.0, 26.2, 5.625, 160
22.2, 26.2, 3.75, 160
22.4, 26.2, 1.875, 160
15.0, 29.344, 97.5, 80
15.2, 29.344, 98.75, 80
15.4, 29.344, 100.0, 80
15.6, 29.344, 100.0, 80
15.8, 29.344, 100.0, 80
16.0, 29.344, 98.75, 80
16.2, 29.344, 98.75, 80
16.4, 29.344, 100.0, 80
16.6, 29.344, 98.75, 80
16.8, 29.344, 98.75, 80
17.0, 29.344, 100.0, 80
17.2, 29.344, 100.0, 80
17.4, 29.344, 96.25, 80
17.6, 29.344, 100.0, 80
17.8, 29.344, 96.25, 80
18.0, 29.344, 97.5, 80
18.2, 29.344, 96.25, 80
18.4, 29.344, 98.75, 80
18.6, 29.344, 98.75, 80
18.8, 29.344, 95.0, 80
19.0, 29.344, 96.25, 80
19.2, 29.344, 90.0, 80
19.4, 29.344, 77.5, 80
19.6, 29.344, 50.0, 80
19.8, 29.344, 38.75, 80
20.0, 29.344, 23.75, 80
20.2, 29.344, 18.75, 80
20.4, 29.344, 16.25, 80
20.6, 29.344, 10.0, 80
20.8, 29.344, 6.25, 80
21.0, 29.344, 13.75, 80
21.2, 29.344, 7.5, 80
21.4, 29.344, 6.25, 80
21.6, 29.344, 2.5, 80
21.8, 29.344, 7.5, 80
22.0, 29.344, 2.5, 80
22.2, 29.344, 5.0, 80
22.4, 29.344, 2.5, 80
15.0, 33.012, 100.0, 80
15.2, 33.012, 100.0, 80
15.4, 33.012, 97.5, 80
15.6, 33.012, 98.75, 80
15.8, 33.012, 97.5, 80
16.0, 33.012, 98.75, 80
16.2, 33.012, 100.0, 80
16.4, 33.012, 98.75, 80
16.6, 33.012, 100.0, 80
16.8, 33.012, 98.75, 80
17.0, 33.012, 98.75, 80
17.2, 33.012, 97.5, 80
17.4, 33.012, 97.5, 80
17.6, 33.012, 98.75, 80
17.8, 33.012, 97.5, 80
18.0, 33.012, 98.75, 80
18.2, 33.012, 98.75, 80
18.4, 33.012, 97.5, 80
18.6, 33.012, 97.5, 80
18.8, 33.012, 96.25, 80
19.0, 33.012, 93.75, 80
19.2, 33.012, 80.0, 80
19.4, 33.012, 51.25, 80
19.6, 33.012, 42.5, 80
19.8, 33.012, 28.75, 80
20.0, 33.012, 15.0, 80
20.2, 33.012, 10.0, 80
20.4, 33.012, 12.5, 80
20.6, 33.012, 10.0, 80
20.8, 33.012, 11.25, 80
21.0, 33.012, 5.0, 80
21.2, 33.012, 10.0, 80
21.4, 33.012, 6.25, 80
21.6, 33.012, 6.25, 80
21.8, 33.012, 5.0, 80
22.0, 33.012, 3.75, 80
22.2, 33.012, 3.75, 80
22.4, 33.012, 3.75, 80
15.0, 36.942, 98.75, 80
15.2, 36.942, 98.75, 80
15.4, 36.942, 98.75, 80
15.6, 36.942, 98.75, 80
15.8, 36.942, 100.0, 80
16.0, 36.942, 98.75, 80
16.2, 36.942, 100.0, 80
16.4, 36.942, 100.0, 80
16.6, 36.942, 98.75, 80
16.8, 36.942, 100.0, 80
17.0, 36.942, 100.0, 80
17.2, 36.942, 100.0, 80
17.4, 36.942, 98.75, 80
17.6, 36.942, 96.25, 80
17.8, 36.942, 98.75, 80
18.0, 36.942, 96.25, 80
18.2, 36.942, 95.0, 80
18.4, 36.942, 98.75, 80
18.6, 36.942, 100.0, 80
18.8, 36.942, 92.5, 80
19.0, 36.942, 81.25, 80
19.2, 36.942, 67.5, 80
19.4, 36.942, 36.25, 80
19.6, 36.942, 21.25, 80
19.8, 36.942, 15.0, 80
20.0, 36.942, 17.5, 80
20.2, 36.942, 15.0, 80
20.4, 36.942, 11.25, 80
20.6, 36.942, 6.25, 80
20.8, 36.942, 5.0, 80
21.0, 36.942, 7.5, 80
21.2, 36.942, 6.25, 80
21.4, 36.942, 2.5, 80
21.6, 36.942, 6.25, 80
21.8, 36.942, 3.75, 80
22.0, 36.942, 2.5, 80
22.2, 36.942, 6.25, 80
22.4, 36.942, 2.5, 80
15.0, 41.396, 100.0, 80
15.2, 41.396, 100.0, 80
15.4, 41.396, 100.0, 80
15.6, 41.396, 100.0, 80
15.8, 41.396, 100.0, 80
16.0, 41.396, 98.75, 80
16.2, 41.396, 100.0, 80
16.4, 41.396, 97.5, 80
16.6, 41.396, 98.75, 80
16.8, 41.396, 100.0, 80
17.0, 41.396, 98.75, 80
17.2, 41.396, 98.75, 80
17.4, 41.396, 97.5, 80
17.6, 41.396, 98.75, 80
17.8, 41.396, 98.75, 80
18.0, 41.396, 98.75, 80
18.2, 41.396, 97.5, 80
18.4, 41.396, 97.5, 80
18.6, 41.396, 96.25, 80
18.8, 41.396, 87.5, 80
19.0, 41.396, 71.25, 80
19.2, 41.396, 47.5, 80
19.4, 41.396, 22.5, 80
19.6, 41.396, 18.75, 80
19.8, 41.396, 17.5, 80
20.0, 41.396, 7.5, 80
20.2, 41.396, 13.75, 80
20.4, 41.396, 2.5, 80
20.6, 41.396, 10.0, 80
20.8, 41.396, 2.5, 80
21.0, 41.396, 3.75, 80
21.2, 41.396, 7.5, 80
21.4, 41.396, 2.5, 80
21.6, 41.396, 5.0, 80
21.8, 41.396, 1.25, 80
22.0, 41.396, 2.5, 80
22.2, 41.396, 5.0, 80
22.4, 41.396, 0.0, 80
15.0, 46.636, 100.0, 80
15.2, 46.636, 100.0, 80
15.4, 46.636, 100.0, 80
15.6, 46.636, 98.75, 80
15.8, 46.636, 100.0, 80
16.0, 46.636, 100.0, 80
16.2, 46.636, 98.75, 80
16.4, 46.636, 100.0, 80
16.6, 46.636, 98.75, 80
16.8, 46.636, 98.75, 80
17.0, 46.636, 100.0, 80
17.2, 46.636, 98.75, 80
17.4, 46.636, 96.25, 80
17.6, 46.636, 96.25, 80
17.8, 46.636, 97.5, 80
18.0, 46.636, 98.75, 80
18.2, 46.636, 97.5, 80
18.4, 46.636, 93.75, 80
18.6, 46.636, 88.75, 80
18.8, 46.636, 58.75, 80
19.0, 46.636, 48.75, 80
19.2, 46.636, 25.0, 80
19.4, 46.636, 21.25, 80
19.6, 46.636, 15.0, 80
19.8, 46.636, 16.25, 80
20.0, 46.636, 7.5, 80
20.2, 46.636, 7.5, 80
20.4, 46.636, 6.25, 80
20.6, 46.636, 5.0, 80
20.8, 46.636, 1.25, 80
21.0, 46.636, 6.25, 80
21.2, 46.636, 2.5, 80
21.4, 46.636, 2.5, 80
21.6, 46.636, 6.25, 80
21.8, 46.636, 3.75, 80
22.0, 46.636, 1.25, 80
22.2, 46.636, 0.0, 80
22.4, 46.636, 0.0, 80
15.0, 52.4, 97.5, 40
15.2, 52.4, 97.5, 40
15.4, 52.4, 100.0, 40
15.6, 52.4, 100.0, 40
15.8, 52.4, 97.5, 40
16.0, 52.4, 100.0, 40
16.2, 52.4, 97.5, 40
16.4, 52.4, 100.0, 40
16.6, 52.4, 95.0, 40
16.8, 52.4, 100.0, 80
17.0, 52.4, 100.0, 80
17.2, 52.4, 100.0, 80
17.4, 52.4, 98.75, 80
17.6, 52.4, 98.75, 80
17.8, 52.4, 97.5, 80
18.0, 52.4, 96.25, 80
18.2, 52.4, 91.25, 80
18.4, 52.4, 86.25, 80
18.6, 52.4, 78.75, 80
18.8, 52.4, 48.75, 80
19.0, 52.4, 31.25, 80
19.2, 52.4, 18.75, 80
19.4, 52.4, 11.25, 80
19.6, 52.4, 7.5, 80
19.8, 52.4, 12.5, 80
20.0, 52.4, 5.0, 80
20.2, 52.4, 6.25, 80
20.4, 52.4, 5.0, 80
20.6, 52.4, 5.0, 80
20.8, 52.4, 7.5, 80
21.0, 52.4, 5.0, 80
21.2, 52.4, 5.0, 80
21.4, 52.4, 7.5, 80
21.6, 52.4, 2.5, 80
21.8, 52.4, 0.0, 80
22.0, 52.4, 0.0, 80
22.2, 52.4, 0.0, 80
22.4, 52.4, 0.0, 80
15.0, 58.688, 100.0, 40
15.2, 58.688, 100.0, 40
15.4, 58.688, 100.0, 40
15.6, 58.688, 100.0, 40
15.8, 58.688, 100.0, 40
16.0, 58.688, 97.5, 40
16.2, 58.688, 100.0, 40
16.4, 58.688, 100.0, 40
16.6, 58.688, 100.0, 40
16.8, 58.688, 98.75, 80
17.0, 58.688, 100.0, 80
17.2, 58.688, 98.75, 80
17.4, 58.688, 98.75, 80
17.6, 58.688, 97.5, 80
17.8, 58.688, 97.5, 80
18.0, 58.688, 98.75, 80
18.2, 58.688, 92.5, 80
18.4, 58.688, 75.0, 80
18.6, 58.688, 43.75, 80
18.8, 58.688, 36.25, 80
19.0, 58.688, 22.5, 80
19.2, 58.688, 13.75, 80
19.4, 58.688, 11.25, 80
19.6, 58.688, 5.0, 80
19.8, 58.688, 16.25, 80
20.0, 58.688, 15.0, 80
20.2, 58.688, 3.75, 80
20.4, 58.688, 3.75, 80
20.6, 58.688, 6.25, 80
20.8, 58.688, 5.0, 80
21.0, 58.688, 7.5, 80
21.2, 58.688, 7.5, 80
21.4, 58.688, 3.75, 80
21.6, 58.688, 0.0, 80
21.8, 58.688, 0.0, 80
22.0, 58.688, 0.0, 80
22.2, 58.688, 0.0, 80
22.4, 58.688, 0.0, 80
15.0, 65.762, 100.0, 40
15.2, 65.762, 100.0, 40
15.4, 65.762, 100.0, 40
15.6, 65.762, 100.0, 40
15.8, 65.762, 100.0, 40
16.0, 65.762, 100.0, 40
16.2, 65.762, 100.0, 40
16.4, 65.762, 100.0, 40
16.6, 65.762, 97.5, 40
16.8, 65.762, 100.0, 80
17.0, 65.762, 100.0, 80
17.2, 65.762, 98.75, 80
17.4, 65.762, 97.5, 80
17.6, 65.762, 97.5, 80
17.8, 65.762, 98.75, 80
18.0, 65.762, 86.25, 80
18.2, 65.762, 75.0, 80
18.4, 65.762, 45.0, 80
18.6, 65.762, 26.25, 80
18.8, 65.762, 16.25, 80
19.0, 65.762, 17.5, 80
19.2, 65.762, 10.0, 80
19.4, 65.762, 5.0, 80
19.6, 65.762, 11.25, 80
19.8, 65.762, 5.0, 80
20.0, 65.762, 5.0, 80
20.2, 65.762, 3.75, 80
20.4, 65.762, 6.25, 80
20.6, 65.762, 2.5, 80
20.8, 65.762, 1.25, 80
21.0, 65.762, 1.25, 80
21.2, 65.762, 2.5, 80
21.4, 65.762, 0.0, 80
21.6, 65.762, 0.0, 80
21.8, 65.762, 0.0, 80
22.0, 65.762, 0.0, 80
22.2, 65.762, 0.0, 80
22.4, 65.762, 0.0, 80
15.0, 73.884, 100.0, 40
15.2, 73.884, 100.0, 40
15.4, 73.884, 100.0, 40
15.6, 73.884, 100.0, 40
15.8, 73.884, 100.0, 40
16.0, 73.884, 100.0, 40
16.2, 73.884, 100.0, 40
16.4, 73.884, 100.0, 40
16.6, 73.884, 97.5, 40
16.8, 73.884, 100.0, 80
17.0, 73.884, 100.0, 80
17.2, 73.884, 96.25, 80
17.4, 73.884, 100.0, 80
17.6, 73.884, 96.25, 80
17.8, 73.884, 92.5, 80
18.0, 73.884, 73.75, 80
18.2, 73.884, 45.0, 80
18.4, 73.884, 26.25, 80
18.6, 73.884, 23.75, 80
18.8, 73.884, 23.75, 80
19.0, 73.884, 12.5, 80
19.2, 73.884, 3.75, 80
19.4, 73.884, 7.5, 80
19.6, 73.884, 5.0, 80
19.8, 73.884, 2.5, 80
20.0, 73.884, 10.0, 80
20.2, 73.884, 3.75, 80
20.4, 73.884, 5.0, 80
20.6, 73.884, 3.75, 80
20.8, 73.884, 5.0, 80
21.0, 73.884, 1.25, 80
21.2, 73.884, 0.0, 80
21.4, 73.884, 0.0, 80
21.6, 73.884, 0.0, 80
21.8, 73.884, 0.0, 80
22.0, 73.884, 0.0, 80
22.2, 73.884, 0.0, 80
22.4, 73.884, 0.0, 80
15.0, 82.792, 100.0, 40
15.2, 82.792, 97.5, 40
15.4, 82.792, 100.0, 40
15.6, 82.792, 97.5, 40
15.8, 82.792, 100.0, 40
16.0, 82.792, 100.0, 40
16.2, 82.792, 100.0, 40
16.4, 82.792, 100.0, 40
16.6, 82.792, 100.0, 40
16.8, 82.792, 95.0, 80
17.0, 82.792, 97.5, 80
17.2, 82.792, 95.0, 80
17.4, 82.792, 97.5, 80
17.6, 82.792, 85.0, 80
17.8, 82.792, 67.5, 80
18.0, 82.792, 46.25, 80
18.2, 82.792, 37.5, 80
18.4, 82.792, 23.75, 80
18.6, 82.792, 15.0, 80
18.8, 82.792, 11.25, 80
19.0, 82.792, 6.25, 80
19.2, 82.792, 6.25, 80
19.4, 82.792, 10.0, 80
19.6, 82.792, 5.0, 80
19.8, 82.792, 5.0, 80
20.0, 82.792, 5.0, 80
20.2, 82.792, 6.25, 80
20.4, 82.792, 2.5, 80
20.6, 82.792, 5.0, 80
20.8, 82.792, 0.0, 80
21.0, 82.792, 0.0, 80
21.2, 82.792, 0.0, 80
21.4, 82.792, 0.0, 80
21.6, 82.792, 0.0, 80
21.8, 82.792, 0.0, 80
22.0, 82.792, 0.0, 80
22.2, 82.792, 0.0, 80
22.4, 82.792, 0.0, 80
15.0, 93.01, 100.0, 40
15.2, 93.01, 100.0, 40
15.4, 93.01, 100.0, 40
15.6, 93.01, 100.0, 40
15.8, 93.01, 100.0, 40
16.0, 93.01, 100.0, 40
16.2, 93.01, 100.0, 40
16.4, 93.01, 95.0, 40
16.6, 93.01, 100.0, 40
16.8, 93.01, 98.75, 80
17.0, 93.01, 98.75, 80
17.2, 93.01, 100.0, 80
17.4, 93.01, 95.0, 80
17.6, 93.01, 76.25, 80
17.8, 93.01, 57.5, 80
18.0, 93.01, 38.75, 80
18.2, 93.01, 21.25, 80
18.4, 93.01, 7.5, 80
18.6, 93.01, 16.25, 80
18.8, 93.01, 8.75, 80
19.0, 93.01, 15.0, 80
19.2, 93.01, 7.5, 80
19.4, 93.01, 7.5, 80
19.6, 93.01, 6.25, 80
19.8, 93.01, 5.0, 80
20.0, 93.01, 5.0, 80
20.2, 93.01, 2.5, 80
20.4, 93.01, 3.75, 80
20.6, 93.01, 0.0, 80
20.8, 93.01, 0.0, 80
21.0, 93.01, 0.0, 80
21.2, 93.01, 0.0, 80
21.4, 93.01, 0.0, 80
21.6, 93.01, 0.0, 80
21.8, 93.01, 0.0, 80
22.0, 93.01, 0.0, 80
22.2, 93.01, 0.0, 80
22.4, 93.01, 0.0, 80
15.0, 104.276, 100.0, 40
15.2, 104.276, 100.0, 40
15.4, 104.276, 100.0, 40
15.6, 104.276, 97.5, 40
15.8, 104.276, 97.5, 40
16.0, 104.276, 100.0, 40
16.2, 104.276, 100.0, 40
16.4, 104.276, 97.5, 40
16.6, 104.276, 100.0, 40
16.8, 104.276, 96.25, 80
17.0, 104.276, 97.5, 80
17.2, 104.276, 83.75, 80
17.4, 104.276, 68.75, 80
17.6, 104.276, 46.25, 80
17.8, 104.276, 31.25, 80
18.0, 104.276, 17.5, 80
18.2, 104.276, 17.5, 80
18.4, 104.276, 11.25, 80
18.6, 104.276, 10.0, 80
18.8, 104.276, 5.0, 80
19.0, 104.276, 5.0, 80
19.2, 104.276, 8.75, 80
19.4, 104.276, 6.25, 80
19.6, 104.276, 3.75, 80
19.8, 104.276, 3.75, 80
20.0, 104.276, 5.0, 80
20.2, 104.276, 2.5, 80
20.4, 104.276, 0.0, 80
20.6, 104.276, 0.0, 80
20.8, 104.276, 0.0, 80
21.0, 104.276, 0.0, 80
21.2, 104.276, 0.0, 80
21.4, 104.276, 0.0, 80
21.6, 104.276, 0.0, 80
21.8, 104.276, 0.0, 80
22.0, 104.276, 0.0, 80
22.2, 104.276, 0.0, 80
22.4, 104.276, 0.0, 80
15.0, 117.114, 97.5, 40
15.2, 117.114, 100.0, 40
15.4, 117.114, 97.5, 40
15.6, 117.114, 100.0, 40
15.8, 117.114, 97.5, 40
16.0, 117.114, 97.5, 40
16.2, 117.114, 100.0, 40
16.4, 117.114, 97.5, 40
16.6, 117.114, 95.0, 40
16.8, 117.114, 97.5, 40
17.0, 117.114, 87.5, 40
17.2, 117.114, 72.5, 40
17.4, 117.114, 47.5, 40
17.6, 117.114, 42.5, 40
17.8, 117.114, 27.5, 40
18.0, 117.114, 25.0, 40
18.2, 117.114, 12.5, 40
18.4, 117.114, 7.5, 40
18.6, 117.114, 7.5, 40
18.8, 117.114, 7.5, 40
19.0, 117.114, 2.5, 40
19.2, 117.114, 7.5, 40
19.4, 117.114, 2.5, 40
19.6, 117.114, 12.5, 40
19.8, 117.114, 2.5, 40
20.0, 117.114, 7.5, 40
20.2, 117.114, 0.0, 40
20.4, 117.114, 0.0, 40
20.6, 117.114, 0.0, 40
20.8, 117.114, 0.0, 40
21.0, 117.114, 0.0, 40
21.2, 117.114, 0.0, 40
21.4, 117.114, 0.0, 40
21.6, 117.114, 0.0, 40
21.8, 117.114, 0.0, 40
22.0, 117.114, 0.0, 40
22.2, 117.114, 0.0, 40
22.4, 117.114, 0.0, 40
15.0, 131.262, 100.0, 40
15.2, 131.262, 97.5, 40
15.4, 131.262, 100.0, 40
15.6, 131.262, 100.0, 40
15.8, 131.262, 100.0, 40
16.0, 131.262, 100.0, 40
16.2, 131.262, 100.0, 40
16.4, 131.262, 100.0, 40
16.6, 131.262, 100.0, 40
16.8, 131.262, 82.5, 40
17.0, 131.262, 77.5, 40
17.2, 131.262, 37.5, 40
17.4, 131.262, 27.5, 40
17.6, 131.262, 32.5, 40
17.8, 131.262, 15.0, 40
18.0, 131.262, 10.0, 40
18.2, 131.262, 5.0, 40
18.4, 131.262, 12.5, 40
18.6, 131.262, 5.0, 40
18.8, 131.262, 10.0, 40
19.0, 131.262, 2.5, 40
19.2, 131.262, 0.0, 40
19.4, 131.262, 5.0, 40
19.6, 131.262, 2.5, 40
19.8, 131.262, 0.0, 40
20.0, 131.262, 0.0, 40
20.2, 131.262, 0.0, 40
20.4, 131.262, 0.0, 40
20.6, 131.262, 0.0, 40
20.8, 131.262, 0.0, 40
21.0, 131.262, 0.0, 40
21.2, 131.262, 0.0, 40
21.4, 131.262, 0.0, 40
21.6, 131.262, 0.0, 40
21.8, 131.262, 0.0, 40
22.0, 131.262, 0.0, 40
22.2, 131.262, 0.0, 40
22.4, 131.262, 0.0, 40
15.0, 147.244, 100.0, 40
15.2, 147.244, 100.0, 40
15.4, 147.244, 100.0, 40
15.6, 147.244, 100.0, 40
15.8, 147.244, 97.5, 40
16.0, 147.244, 100.0, 40
16.2, 147.244, 95.0, 40
16.4, 147.244, 97.5, 40
16.6, 147.244, 92.5, 40
16.8, 147.244, 60.0, 40
17.0, 147.244, 42.5, 40
17.2, 147.244, 30.0, 40
17.4, 147.244, 20.0, 40
17.6, 147.244, 10.0, 40
17.8, 147.244, 20.0, 40
18.0, 147.244, 5.0, 40
18.2, 147.244, 5.0, 40
18.4, 147.244, 10.0, 40
18.6, 147.244, 10.0, 40
18.8, 147.244, 0.0, 40
19.0, 147.244, 2.5, 40
19.2, 147.244, 0.0, 40
19.4, 147.244, 2.5, 40
19.6, 147.244, 0.0, 40
19.8, 147.244, 0.0, 40
20.0, 147.244, 0.0, 40
20.2, 147.244, 0.0, 40
20.4, 147.244, 0.0, 40
20.6, 147.244, 0.0, 40
20.8, 147.244, 0.0, 40
21.0, 147.244, 0.0, 40
21.2, 147.244, 0.0, 40
21.4, 147.244, 0.0, 40
21.6, 147.244, 0.0, 40
21.8, 147.244, 0.0, 40
22.0, 147.244, 0.0, 40
22.2, 147.244, 0.0, 40
22.4, 147.244, 0.0, 40
15.0, 165.322, 100.0, 40
15.2, 165.322, 100.0, 40
15.4, 165.322, 97.5, 40
15.6, 165.322, 100.0, 40
15.8, 165.322, 100.0, 40
16.0, 165.322, 97.5, 40
16.2, 165.322, 97.5, 40
16.4, 165.322, 92.5, 40
16.6, 165.322, 75.0, 40
16.8, 165.322, 40.0, 40
17.0, 165.322, 25.0, 40
17.2, 165.322, 20.0, 40
17.4, 165.322, 12.5, 40
17.6, 165.322, 17.5, 40
17.8, 165.322, 15.0, 40
18.0, 165.322, 2.5, 40
18.2, 165.322, 10.0, 40
18.4, 165.322, 7.5, 40
18.6, 165.322, 0.0, 40
18.8, 165.322, 0.0, 40
19.0, 165.322, 0.0, 40
19.2, 165.322, 0.0, 40
19.4, 165.322, 0.0, 40
19.6, 165.322, 0.0, 40
19.8, 165.322, 0.0, 40
20.0, 165.322, 0.0, 40
20.2, 165.322, 0.0, 40
20.4, 165.322, 0.0, 40
20.6, 165.322, 0.0, 40
20.8, 165.322, 0.0, 40
21.0, 165.322, 0.0, 40
21.2, 165.322, 0.0, 40
21.4, 165.322, 0.0, 40
21.6, 165.322, 0.0, 40
21.8, 165.322, 0.0, 40
22.0, 165.322, 0.0, 40
22.2, 165.322, 0.0, 40
22.4, 165.322, 0.0, 40
15.0, 185.496, 100.0, 28
15.2, 185.496, 100.0, 28
15.4, 185.496, 100.0, 28
15.6, 185.496, 96.42857142857143, 28
15.8, 185.496, 96.42857142857143, 28
16.0, 185.496, 100.0, 28
16.2, 185.496, 71.42857142857143, 28
16.4, 185.496, 64.28571428571429, 28
16.6, 185.496, 24.999999999999996, 28
16.8, 185.496, 25.0, 40
17.0, 185.496, 15.0, 40
17.2, 185.496, 12.5, 40
17.4, 185.496, 20.0, 40
17.6, 185.496, 15.0, 40
17.8, 185.496, 10.0, 40
18.0, 185.496, 2.5, 40
18.2, 185.496, 7.5, 40
18.4, 185.496, 5.0, 40
18.6, 185.496, 12.5, 40
18.8, 185.496, 5.0, 40
19.0, 185.496, 2.5, 40
19.2, 185.496, 0.0, 40
19.4, 185.496, 0.0, 40
19.6, 185.496, 0.0, 40
19.8, 185.496, 0.0, 40
20.0, 185.496, 0.0, 40
20.2, 185.496, 0.0, 40
20.4, 185.496, 0.0, 40
20.6, 185.496, 0.0, 40
20.8, 185.496, 0.0, 40
21.0, 185.496, 0.0, 40
21.2, 185.496, 0.0, 40
21.4, 185.496, 0.0, 40
21.6, 185.496, 0.0, 40
21.8, 185.496, 0.0, 40
22.0, 185.496, 0.0, 40
22.2, 185.496, 0.0, 40
22.4, 185.496, 0.0, 40
15.0, 208.028, 100.0, 28
15.2, 208.028, 100.0, 28
15.4, 208.028, 100.0, 28
15.6, 208.028, 100.0, 28
15.8, 208.028, 89.28571428571429, 28
16.0, 208.028, 89.28571428571429, 28
16.2, 208.028, 71.42857142857143, 28
16.4, 208.028, 46.42857142857143, 28
16.6, 208.028, 42.857142857142854, 28
16.8, 208.028, 20.0, 40
17.0, 208.028, 22.5, 40
17.2, 208.028, 12.5, 40
17.4, 208.028, 10.0, 40
17.6, 208.028, 2.5, 40
17.8, 208.028, 15.0, 40
18.0, 208.028, 5.0, 40
18.2, 208.028, 10.0, 40
18.4, 208.028, 7.5, 40
18.6, 208.028, 7.5, 40
18.8, 208.028, 0.0, 40
19.0, 208.028, 0.0, 40
19.2, 208.028, 0.0, 40
19.4, 208.028, 0.0, 40
19.6, 208.028, 0.0, 40
19.8, 208.028, 0.0, 40
20.0, 208.028, 0.0, 40
20.2, 208.028, 0.0, 40
20.4, 208.028, 0.0, 40
20.6, 208.028, 0.0, 40
20.8, 208.028, 0.0, 40
21.0, 208.028, 0.0, 40
21.2, 208.028, 0.0, 40
21.4, 208.028, 0.0, 40
21.6, 208.028, 0.0, 40
21.8, 208.028, 0.0, 40
22.0, 208.028, 0.0, 40
22.2, 208.028, 0.0, 40
22.4, 208.028, 0.0, 40
15.0, 233.442, 100.0, 28
15.2, 233.442, 100.0, 28
15.4, 233.442, 100.0, 28
15.6, 233.442, 89.28571428571429, 28
15.8, 233.442, 78.57142857142857, 28
16.0, 233.442, 53.57142857142857, 28
16.2, 233.442, 49.99999999999999, 28
16.4, 233.442, 28.57142857142857, 28
16.6, 233.442, 17.857142857142854, 28
16.8, 233.442, 12.5, 40
17.0, 233.442, 10.0, 40
17.2, 233.442, 7.5, 40
17.4, 233.442, 7.5, 40
17.6, 233.442, 5.0, 40
17.8, 233.442, 0.0, 40
18.0, 233.442, 5.0, 40
18.2, 233.442, 2.5, 40
18.4, 233.442, 5.0, 40
18.6, 233.442, 0.0, 40
18.8, 233.442, 0.0, 40
19.0, 233.442, 0.0, 40
19.2, 233.442, 0.0, 40
19.4, 233.442, 0.0, 40
19.6, 233.442, 0.0, 40
19.8, 233.442, 0.0, 40
20.0, 233.442, 0.0, 40
20.2, 233.442, 0.0, 40
20.4, 233.442, 0.0, 40
20.6, 233.442, 0.0, 40
20.8, 233.442, 0.0, 40
21.0, 233.442, 0.0, 40
21.2, 233.442, 0.0, 40
21.4, 233.442, 0.0, 40
21.6, 233.442, 0.0, 40
21.8, 233.442, 0.0, 40
22.0, 233.442, 0.0, 40
22.2, 233.442, 0.0, 40
22.4, 233.442, 0.0, 40
15.0, 262.0, 100.0, 28
15.2, 262.0, 96.42857142857143, 28
15.4, 262.0, 96.42857142857143, 28
15.6, 262.0, 89.28571428571429, 28
15.8, 262.0, 46.42857142857142, 28
16.0, 262.0, 39.28571428571428, 28
16.2, 262.0, 28.57142857142857, 28
16.4, 262.0, 28.57142857142857, 28
16.6, 262.0, 21.428571428571427, 28
16.8, 262.0, 20.0, 40
17.0, 262.0, 5.0, 40
17.2, 262.0, 2.5, 40
17.4, 262.0, 12.5, 40
17.6, 262.0, 5.0, 40
17.8, 262.0, 7.5, 40
18.0, 262.0, 2.5, 40
18.2, 262.0, 5.0, 40
18.4, 262.0, 0.0, 40
18.6, 262.0, 0.0, 40
18.8, 262.0, 0.0, 40
19.0, 262.0, 0.0, 40
19.2, 262.0, 0.0, 40
19.4, 262.0, 0.0, 40
19.6, 262.0, 0.0, 40
19.8, 262.0, 0.0, 40
20.0, 262.0, 0.0, 40
20.2, 262.0, 0.0, 40
20.4, 262.0, 0.0, 40
20.6, 262.0, 0.0, 40
20.8, 262.0, 0.0, 40
21.0, 262.0, 0.0, 40
21.2, 262.0, 0.0, 40
21.4, 262.0, 0.0, 40
21.6, 262.0, 0.0, 40
21.8, 262.0, 0.0, 40
22.0, 262.0, 0.0, 40
22.2, 262.0, 0.0, 40
22.4, 262.0, 0.0, 40
15.0, 293.964, 100.0, 28
15.2, 293.964, 100.0, 28
15.4, 293.964, 100.0, 28
15.6, 293.964, 92.85714285714286, 28
15.8, 293.964, 75.0, 28
16.0, 293.964, 71.42857142857143, 28
16.2, 293.964, 42.857142857142854, 28
16.4, 293.964, 32.14285714285714, 28
16.6, 293.964, 14.285714285714285, 28
16.8, 293.964, 20.0, 40
17.0, 293.964, 2.5, 40
17.2, 293.964, 20.0, 40
17.4, 293.964, 7.5, 40
17.6, 293.964, 7.5, 40
17.8, 293.964, 2.5, 40
18.0, 293.964, 5.0, 40
18.2, 293.964, 0.0, 40
18.4, 293.964, 0.0, 40
18.6, 293.964, 0.0, 40
18.8, 293.964, 0.0, 40
19.0, 293.964, 0.0, 40
19.2, 293.964, 0.0, 40
19.4, 293.964, 0.0, 40
19.6, 293.964, 0.0, 40
19.8, 293.964, 0.0, 40
20.0, 293.964, 0.0, 40
20.2, 293.964, 0.0, 40
20.4, 293.964, 0.0, 40
20.6, 293.964, 0.0, 40
20.8, 293.964, 0.0, 40
21.0, 293.964, 0.0, 40
21.2, 293.964, 0.0, 40
21.4, 293.964, 0.0, 40
21.6, 293.964, 0.0, 40
21.8, 293.964, 0.0, 40
22.0, 293.964, 0.0, 40
22.2, 293.964, 0.0, 40
22.4, 293.964, 0.0, 40
15.0, 329.858, 100.0, 28
15.2, 329.858, 100.0, 28
15.4, 329.858, 89.28571428571429, 28
15.6, 329.858, 78.57142857142857, 28
15.8, 329.858, 42.85714285714285, 28
16.0, 329.858, 39.28571428571428, 28
16.2, 329.858, 28.57142857142857, 28
16.4, 329.858, 17.857142857142854, 28
16.6, 329.858, 3.571428571428571, 28
16.8, 329.858, 15.0, 40
17.0, 329.858, 5.0, 40
17.2, 329.858, 2.5, 40
17.4, 329.858, 15.0, 40
17.6, 329.858, 7.5, 40
17.8, 329.858, 0.0, 40
18.0, 329.858, 0.0, 40
18.2, 329.858, 0.0, 40
18.4, 329.858, 0.0, 40
18.6, 329.858, 0.0, 40
18.8, 329.858, 0.0, 40
19.0, 329.858, 0.0, 40
19.2, 329.858, 0.0, 40
19.4, 329.858, 0.0, 40
19.6, 329.858, 0.0, 40
19.8, 329.858, 0.0, 40
20.0, 329.858, 0.0, 40
20.2, 329.858, 0.0, 40
20.4, 329.858, 0.0, 40
20.6, 329.858, 0.0, 40
20.8, 329.858, 0.0, 40
21.0, 329.858, 0.0, 40
21.2, 329.858, 0.0, 40
21.4, 329.858, 0.0, 40
21.6, 329.858, 0.0, 40
21.8, 329.858, 0.0, 40
22.0, 329.858, 0.0, 40
22.2, 329.858, 0.0, 40
22.4, 329.858, 0.0, 40
15.0, 370.206, 92.85714285714286, 28
15.2, 370.206, 89.28571428571429, 28
15.4, 370.206, 82.14285714285715, 28
15.6, 370.206, 53.57142857142857, 28
15.8, 370.206, 28.57142857142857, 28
16.0, 370.206, 28.57142857142857, 28
16.2, 370.206, 17.857142857142854, 28
16.4, 370.206, 17.857142857142854, 28
16.6, 370.206, 3.571428571428571, 28
16.8, 370.206, 5.0, 40
17.0, 370.206, 10.0, 40
17.2, 370.206, 7.5, 40
17.4, 370.206, 7.5, 40
17.6, 370.206, 0.0, 40
17.8, 370.206, 0.0, 40
18.0, 370.206, 0.0, 40
18.2, 370.206, 0.0, 40
18.4, 370.206, 0.0, 40
18.6, 370.206, 0.0, 40
18.8, 370.206, 0.0, 40
19.0, 370.206, 0.0, 40
19.2, 370.206, 0.0, 40
19.4, 370.206, 0.0, 40
19.6, 370.206, 0.0, 40
19.8, 370.206, 0.0, 40
20.0, 370.206, 0.0, 40
20.2, 370.206, 0.0, 40
20.4, 370.206, 0.0, 40
20.6, 370.206, 0.0, 40
20.8, 370.206, 0.0, 40
21.0, 370.206, 0.0, 40
21.2, 370.206, 0.0, 40
21.4, 370.206, 0.0, 40
21.6, 370.206, 0.0, 40
21.8, 370.206, 0.0, 40
22.0, 370.206, 0.0, 40
22.2, 370.206, 0.0, 40
22.4, 370.206, 0.0, 40
