#Column 1: Magnitude of injected artificial galaxy 
#Column 2: Effective radius in arcsecsonds of the injected artificial galaxy 
#Column 3: The algroithm's percentage (0 to 100) of objects recovered 
#Column 4: The number of artificial galaxies injected 
mag,rho,eff_rd, n_inj 
16.0, 2.62, 1.6666666666666667, 120
16.2, 2.62, 2.5, 120
16.4, 2.62, 1.6666666666666667, 120
16.6, 2.62, 2.5, 120
16.8, 2.62, 1.6666666666666667, 120
17.0, 2.62, 5.833333333333333, 120
17.2, 2.62, 3.3333333333333335, 120
17.4, 2.62, 6.666666666666667, 120
17.6, 2.62, 10.833333333333334, 120
17.8, 2.62, 17.5, 120
18.0, 2.62, 20.0, 120
18.2, 2.62, 41.666666666666664, 120
18.4, 2.62, 44.16666666666667, 120
18.6, 2.62, 49.16666666666667, 120
18.8, 2.62, 46.666666666666664, 120
19.0, 2.62, 58.33333333333333, 120
19.2, 2.62, 60.83333333333333, 120
19.4, 2.62, 55.83333333333333, 120
19.6, 2.62, 48.333333333333336, 120
19.8, 2.62, 54.16666666666667, 120
20.0, 2.62, 45.0, 120
20.2, 2.62, 47.5, 120
20.4, 2.62, 37.5, 120
20.6, 2.62, 33.33333333333333, 120
20.8, 2.62, 28.333333333333332, 120
21.0, 2.62, 28.333333333333332, 120
21.2, 2.62, 23.333333333333332, 120
21.4, 2.62, 16.666666666666664, 120
21.6, 2.62, 18.333333333333332, 120
21.8, 2.62, 10.833333333333334, 120
22.0, 2.62, 7.5, 120
22.2, 2.62, 5.833333333333334, 120
22.4, 2.62, 4.166666666666667, 120
16.0, 2.882, 1.6666666666666667, 120
16.2, 2.882, 0.8333333333333334, 120
16.4, 2.882, 1.6666666666666667, 120
16.6, 2.882, 3.3333333333333335, 120
16.8, 2.882, 1.6666666666666667, 120
17.0, 2.882, 5.0, 120
17.2, 2.882, 6.666666666666667, 120
17.4, 2.882, 13.333333333333334, 120
17.6, 2.882, 25.833333333333332, 120
17.8, 2.882, 39.166666666666664, 120
18.0, 2.882, 43.33333333333333, 120
18.2, 2.882, 45.833333333333336, 120
18.4, 2.882, 55.0, 120
18.6, 2.882, 60.833333333333336, 120
18.8, 2.882, 67.49999999999999, 120
19.0, 2.882, 51.666666666666664, 120
19.2, 2.882, 64.16666666666666, 120
19.4, 2.882, 60.83333333333333, 120
19.6, 2.882, 62.5, 120
19.8, 2.882, 66.66666666666667, 120
20.0, 2.882, 64.16666666666666, 120
20.2, 2.882, 54.166666666666664, 120
20.4, 2.882, 44.16666666666667, 120
20.6, 2.882, 54.99999999999999, 120
20.8, 2.882, 51.66666666666667, 120
21.0, 2.882, 38.33333333333333, 120
21.2, 2.882, 23.333333333333332, 120
21.4, 2.882, 21.666666666666668, 120
21.6, 2.882, 15.0, 120
21.8, 2.882, 10.0, 120
22.0, 2.882, 5.833333333333333, 120
22.2, 2.882, 3.3333333333333335, 120
22.4, 2.882, 8.333333333333332, 120
16.0, 3.406, 3.3333333333333335, 120
16.2, 3.406, 3.3333333333333335, 120
16.4, 3.406, 4.166666666666667, 120
16.6, 3.406, 5.833333333333333, 120
16.8, 3.406, 6.666666666666667, 120
17.0, 3.406, 22.5, 120
17.2, 3.406, 38.33333333333333, 120
17.4, 3.406, 61.66666666666666, 120
17.6, 3.406, 61.666666666666664, 120
17.8, 3.406, 67.5, 120
18.0, 3.406, 73.33333333333333, 120
18.2, 3.406, 73.33333333333333, 120
18.4, 3.406, 79.16666666666666, 120
18.6, 3.406, 80.00000000000001, 120
18.8, 3.406, 79.16666666666666, 120
19.0, 3.406, 83.33333333333333, 120
19.2, 3.406, 74.99999999999999, 120
19.4, 3.406, 80.00000000000001, 120
19.6, 3.406, 71.66666666666666, 120
19.8, 3.406, 75.83333333333333, 120
20.0, 3.406, 72.5, 120
20.2, 3.406, 68.33333333333333, 120
20.4, 3.406, 65.83333333333333, 120
20.6, 3.406, 70.0, 120
20.8, 3.406, 63.33333333333333, 120
21.0, 3.406, 52.5, 120
21.2, 3.406, 44.166666666666664, 120
21.4, 3.406, 32.5, 120
21.6, 3.406, 15.833333333333334, 120
21.8, 3.406, 5.833333333333332, 120
22.0, 3.406, 9.166666666666666, 120
22.2, 3.406, 10.833333333333334, 120
22.4, 3.406, 4.166666666666667, 120
16.0, 3.668, 3.3333333333333335, 120
16.2, 3.668, 5.0, 120
16.4, 3.668, 5.833333333333333, 120
16.6, 3.668, 15.833333333333334, 120
16.8, 3.668, 34.16666666666667, 120
17.0, 3.668, 47.5, 120
17.2, 3.668, 62.49999999999999, 120
17.4, 3.668, 62.49999999999999, 120
17.6, 3.668, 76.66666666666667, 120
17.8, 3.668, 75.83333333333333, 120
18.0, 3.668, 86.66666666666669, 120
18.2, 3.668, 84.16666666666667, 120
18.4, 3.668, 84.16666666666666, 120
18.6, 3.668, 91.66666666666667, 120
18.8, 3.668, 81.66666666666667, 120
19.0, 3.668, 85.83333333333333, 120
19.2, 3.668, 85.83333333333334, 120
19.4, 3.668, 84.16666666666667, 120
19.6, 3.668, 83.33333333333334, 120
19.8, 3.668, 84.16666666666667, 120
20.0, 3.668, 75.83333333333333, 120
20.2, 3.668, 80.0, 120
20.4, 3.668, 75.0, 120
20.6, 3.668, 71.66666666666667, 120
20.8, 3.668, 70.0, 120
21.0, 3.668, 57.49999999999999, 120
21.2, 3.668, 45.83333333333333, 120
21.4, 3.668, 20.0, 120
21.6, 3.668, 15.833333333333332, 120
21.8, 3.668, 12.5, 120
22.0, 3.668, 10.000000000000002, 120
22.2, 3.668, 5.0, 120
22.4, 3.668, 7.5, 120
16.0, 4.192, 6.666666666666667, 120
16.2, 4.192, 13.333333333333332, 120
16.4, 4.192, 31.666666666666668, 120
16.6, 4.192, 53.33333333333333, 120
16.8, 4.192, 65.83333333333334, 120
17.0, 4.192, 81.66666666666666, 120
17.2, 4.192, 85.83333333333334, 120
17.4, 4.192, 85.83333333333334, 120
17.6, 4.192, 92.5, 120
17.8, 4.192, 86.66666666666666, 120
18.0, 4.192, 89.16666666666667, 120
18.2, 4.192, 89.16666666666667, 120
18.4, 4.192, 93.33333333333333, 120
18.6, 4.192, 88.33333333333333, 120
18.8, 4.192, 89.16666666666666, 120
19.0, 4.192, 84.16666666666667, 120
19.2, 4.192, 90.0, 120
19.4, 4.192, 93.33333333333334, 120
19.6, 4.192, 85.0, 120
19.8, 4.192, 90.83333333333333, 120
20.0, 4.192, 84.16666666666667, 120
20.2, 4.192, 85.0, 120
20.4, 4.192, 83.33333333333334, 120
20.6, 4.192, 77.49999999999999, 120
20.8, 4.192, 73.33333333333333, 120
21.0, 4.192, 53.333333333333336, 120
21.2, 4.192, 37.5, 120
21.4, 4.192, 21.666666666666664, 120
21.6, 4.192, 21.666666666666664, 120
21.8, 4.192, 10.0, 120
22.0, 4.192, 8.333333333333334, 120
22.2, 4.192, 3.3333333333333335, 120
22.4, 4.192, 4.166666666666667, 120
16.0, 4.716, 20.833333333333336, 120
16.2, 4.716, 45.0, 120
16.4, 4.716, 69.16666666666666, 120
16.6, 4.716, 80.83333333333334, 120
16.8, 4.716, 85.0, 120
17.0, 4.716, 90.83333333333333, 120
17.2, 4.716, 94.16666666666666, 120
17.4, 4.716, 92.5, 120
17.6, 4.716, 97.5, 120
17.8, 4.716, 92.5, 120
18.0, 4.716, 93.33333333333334, 120
18.2, 4.716, 92.5, 120
18.4, 4.716, 95.0, 120
18.6, 4.716, 96.66666666666667, 120
18.8, 4.716, 85.83333333333333, 120
19.0, 4.716, 94.16666666666667, 120
19.2, 4.716, 93.33333333333334, 120
19.4, 4.716, 96.66666666666666, 120
19.6, 4.716, 95.0, 120
19.8, 4.716, 87.5, 120
20.0, 4.716, 89.16666666666667, 120
20.2, 4.716, 91.66666666666667, 120
20.4, 4.716, 81.66666666666666, 120
20.6, 4.716, 80.0, 120
20.8, 4.716, 80.0, 120
21.0, 4.716, 55.83333333333333, 120
21.2, 4.716, 40.0, 120
21.4, 4.716, 20.833333333333332, 120
21.6, 4.716, 20.833333333333332, 120
21.8, 4.716, 14.166666666666666, 120
22.0, 4.716, 10.0, 120
22.2, 4.716, 6.666666666666667, 120
22.4, 4.716, 5.833333333333334, 120
16.0, 5.24, 65.0, 120
16.2, 5.24, 80.83333333333334, 120
16.4, 5.24, 86.66666666666667, 120
16.6, 5.24, 95.0, 120
16.8, 5.24, 95.83333333333334, 120
17.0, 5.24, 96.66666666666667, 120
17.2, 5.24, 93.33333333333334, 120
17.4, 5.24, 97.5, 120
17.6, 5.24, 94.16666666666667, 120
17.8, 5.24, 95.83333333333334, 120
18.0, 5.24, 97.5, 120
18.2, 5.24, 93.33333333333334, 120
18.4, 5.24, 93.33333333333333, 120
18.6, 5.24, 95.83333333333333, 120
18.8, 5.24, 96.66666666666667, 120
19.0, 5.24, 92.5, 120
19.2, 5.24, 92.5, 120
19.4, 5.24, 93.33333333333334, 120
19.6, 5.24, 94.16666666666667, 120
19.8, 5.24, 90.83333333333333, 120
20.0, 5.24, 90.0, 120
20.2, 5.24, 93.33333333333334, 120
20.4, 5.24, 82.5, 120
20.6, 5.24, 76.66666666666666, 120
20.8, 5.24, 70.83333333333333, 120
21.0, 5.24, 57.5, 120
21.2, 5.24, 35.83333333333333, 120
21.4, 5.24, 23.333333333333332, 120
21.6, 5.24, 12.5, 120
21.8, 5.24, 15.833333333333334, 120
22.0, 5.24, 4.166666666666667, 120
22.2, 5.24, 7.499999999999999, 120
22.4, 5.24, 7.5, 120
16.0, 5.764, 92.5, 120
16.2, 5.764, 96.66666666666666, 120
16.4, 5.764, 94.16666666666667, 120
16.6, 5.764, 95.0, 120
16.8, 5.764, 95.83333333333334, 120
17.0, 5.764, 98.33333333333334, 120
17.2, 5.764, 95.83333333333334, 120
17.4, 5.764, 91.66666666666666, 120
17.6, 5.764, 97.5, 120
17.8, 5.764, 95.0, 120
18.0, 5.764, 96.66666666666667, 120
18.2, 5.764, 98.33333333333334, 120
18.4, 5.764, 93.33333333333333, 120
18.6, 5.764, 92.5, 120
18.8, 5.764, 95.0, 120
19.0, 5.764, 94.16666666666666, 120
19.2, 5.764, 95.83333333333333, 120
19.4, 5.764, 93.33333333333334, 120
19.6, 5.764, 92.5, 120
19.8, 5.764, 92.49999999999999, 120
20.0, 5.764, 89.16666666666667, 120
20.2, 5.764, 88.33333333333333, 120
20.4, 5.764, 80.83333333333333, 120
20.6, 5.764, 83.33333333333334, 120
20.8, 5.764, 63.33333333333333, 120
21.0, 5.764, 53.333333333333336, 120
21.2, 5.764, 36.666666666666664, 120
21.4, 5.764, 26.666666666666668, 120
21.6, 5.764, 12.5, 120
21.8, 5.764, 7.5, 120
22.0, 5.764, 4.166666666666667, 120
22.2, 5.764, 3.3333333333333335, 120
22.4, 5.764, 7.499999999999999, 120
16.0, 6.55, 93.33333333333334, 120
16.2, 6.55, 95.83333333333333, 120
16.4, 6.55, 95.83333333333334, 120
16.6, 6.55, 96.66666666666666, 120
16.8, 6.55, 96.66666666666667, 120
17.0, 6.55, 94.16666666666667, 120
17.2, 6.55, 91.66666666666667, 120
17.4, 6.55, 95.0, 120
17.6, 6.55, 95.83333333333334, 120
17.8, 6.55, 96.66666666666667, 120
18.0, 6.55, 95.83333333333334, 120
18.2, 6.55, 94.16666666666666, 120
18.4, 6.55, 95.0, 120
18.6, 6.55, 95.0, 120
18.8, 6.55, 93.33333333333333, 120
19.0, 6.55, 95.83333333333333, 120
19.2, 6.55, 95.83333333333333, 120
19.4, 6.55, 95.0, 120
19.6, 6.55, 92.49999999999999, 120
19.8, 6.55, 95.83333333333333, 120
20.0, 6.55, 90.0, 120
20.2, 6.55, 93.33333333333334, 120
20.4, 6.55, 88.33333333333334, 120
20.6, 6.55, 75.0, 120
20.8, 6.55, 62.5, 120
21.0, 6.55, 47.5, 120
21.2, 6.55, 29.166666666666664, 120
21.4, 6.55, 25.0, 120
21.6, 6.55, 11.666666666666666, 120
21.8, 6.55, 6.666666666666667, 120
22.0, 6.55, 5.833333333333333, 120
22.2, 6.55, 6.666666666666667, 120
22.4, 6.55, 4.166666666666667, 120
16.0, 7.336, 96.66666666666667, 120
16.2, 7.336, 98.33333333333334, 120
16.4, 7.336, 94.16666666666667, 120
16.6, 7.336, 90.83333333333334, 120
16.8, 7.336, 96.66666666666667, 120
17.0, 7.336, 95.83333333333333, 120
17.2, 7.336, 95.83333333333334, 120
17.4, 7.336, 96.66666666666667, 120
17.6, 7.336, 96.66666666666667, 120
17.8, 7.336, 98.33333333333333, 120
18.0, 7.336, 92.5, 120
18.2, 7.336, 96.66666666666666, 120
18.4, 7.336, 94.16666666666667, 120
18.6, 7.336, 95.0, 120
18.8, 7.336, 95.0, 120
19.0, 7.336, 95.83333333333334, 120
19.2, 7.336, 96.66666666666667, 120
19.4, 7.336, 97.5, 120
19.6, 7.336, 92.5, 120
19.8, 7.336, 95.83333333333334, 120
20.0, 7.336, 95.83333333333334, 120
20.2, 7.336, 90.83333333333334, 120
20.4, 7.336, 90.83333333333334, 120
20.6, 7.336, 73.33333333333334, 120
20.8, 7.336, 66.66666666666667, 120
21.0, 7.336, 44.16666666666667, 120
21.2, 7.336, 29.999999999999996, 120
21.4, 7.336, 17.5, 120
21.6, 7.336, 16.666666666666668, 120
21.8, 7.336, 8.333333333333334, 120
22.0, 7.336, 6.666666666666667, 120
22.2, 7.336, 6.666666666666666, 120
22.4, 7.336, 6.666666666666667, 120
16.0, 8.384, 95.00000000000001, 120
16.2, 8.384, 90.83333333333333, 120
16.4, 8.384, 96.66666666666667, 120
16.6, 8.384, 97.5, 120
16.8, 8.384, 97.5, 120
17.0, 8.384, 93.33333333333333, 120
17.2, 8.384, 97.50000000000001, 120
17.4, 8.384, 95.00000000000001, 120
17.6, 8.384, 94.16666666666666, 120
17.8, 8.384, 95.0, 120
18.0, 8.384, 94.16666666666666, 120
18.2, 8.384, 97.5, 120
18.4, 8.384, 91.66666666666667, 120
18.6, 8.384, 92.5, 120
18.8, 8.384, 92.5, 120
19.0, 8.384, 95.00000000000001, 120
19.2, 8.384, 92.5, 120
19.4, 8.384, 91.66666666666667, 120
19.6, 8.384, 92.5, 120
19.8, 8.384, 95.00000000000001, 120
20.0, 8.384, 90.0, 120
20.2, 8.384, 90.83333333333334, 120
20.4, 8.384, 83.33333333333334, 120
20.6, 8.384, 69.16666666666667, 120
20.8, 8.384, 58.33333333333333, 120
21.0, 8.384, 44.16666666666667, 120
21.2, 8.384, 27.5, 120
21.4, 8.384, 17.5, 120
21.6, 8.384, 6.666666666666667, 120
21.8, 8.384, 10.833333333333334, 120
22.0, 8.384, 6.666666666666666, 120
22.2, 8.384, 4.166666666666667, 120
22.4, 8.384, 2.5, 120
16.0, 9.17, 96.66666666666667, 120
16.2, 9.17, 91.66666666666667, 120
16.4, 9.17, 94.16666666666667, 120
16.6, 9.17, 93.33333333333334, 120
16.8, 9.17, 98.33333333333334, 120
17.0, 9.17, 95.83333333333334, 120
17.2, 9.17, 96.66666666666667, 120
17.4, 9.17, 94.16666666666666, 120
17.6, 9.17, 96.66666666666667, 120
17.8, 9.17, 94.16666666666667, 120
18.0, 9.17, 94.16666666666667, 120
18.2, 9.17, 98.33333333333334, 120
18.4, 9.17, 95.0, 120
18.6, 9.17, 94.16666666666667, 120
18.8, 9.17, 97.5, 120
19.0, 9.17, 98.33333333333334, 120
19.2, 9.17, 99.16666666666667, 120
19.4, 9.17, 95.0, 120
19.6, 9.17, 96.66666666666666, 120
19.8, 9.17, 95.0, 120
20.0, 9.17, 92.5, 120
20.2, 9.17, 94.16666666666667, 120
20.4, 9.17, 80.0, 120
20.6, 9.17, 66.66666666666666, 120
20.8, 9.17, 56.666666666666664, 120
21.0, 9.17, 35.0, 120
21.2, 9.17, 20.833333333333332, 120
21.4, 9.17, 16.666666666666668, 120
21.6, 9.17, 12.5, 120
21.8, 9.17, 10.0, 120
22.0, 9.17, 8.333333333333332, 120
22.2, 9.17, 5.833333333333334, 120
22.4, 9.17, 6.666666666666667, 120
16.0, 10.48, 95.0, 120
16.2, 10.48, 99.16666666666667, 120
16.4, 10.48, 95.83333333333334, 120
16.6, 10.48, 95.83333333333334, 120
16.8, 10.48, 99.16666666666667, 120
17.0, 10.48, 96.66666666666667, 120
17.2, 10.48, 97.5, 120
17.4, 10.48, 96.66666666666667, 120
17.6, 10.48, 99.16666666666667, 120
17.8, 10.48, 96.66666666666667, 120
18.0, 10.48, 97.5, 120
18.2, 10.48, 95.83333333333334, 120
18.4, 10.48, 97.5, 120
18.6, 10.48, 92.5, 120
18.8, 10.48, 97.5, 120
19.0, 10.48, 95.83333333333334, 120
19.2, 10.48, 94.16666666666667, 120
19.4, 10.48, 97.5, 120
19.6, 10.48, 95.83333333333333, 120
19.8, 10.48, 94.16666666666667, 120
20.0, 10.48, 93.33333333333334, 120
20.2, 10.48, 85.83333333333333, 120
20.4, 10.48, 81.66666666666667, 120
20.6, 10.48, 67.5, 120
20.8, 10.48, 50.0, 120
21.0, 10.48, 33.33333333333333, 120
21.2, 10.48, 24.999999999999996, 120
21.4, 10.48, 15.0, 120
21.6, 10.48, 12.5, 120
21.8, 10.48, 5.0, 120
22.0, 10.48, 7.5, 120
22.2, 10.48, 5.833333333333333, 120
22.4, 10.48, 1.6666666666666667, 120
16.0, 11.79, 99.16666666666667, 120
16.2, 11.79, 96.66666666666667, 120
16.4, 11.79, 96.66666666666667, 120
16.6, 11.79, 97.5, 120
16.8, 11.79, 96.66666666666667, 120
17.0, 11.79, 95.83333333333333, 120
17.2, 11.79, 94.16666666666666, 120
17.4, 11.79, 96.66666666666667, 120
17.6, 11.79, 97.5, 120
17.8, 11.79, 96.66666666666666, 120
18.0, 11.79, 95.83333333333333, 120
18.2, 11.79, 95.0, 120
18.4, 11.79, 96.66666666666667, 120
18.6, 11.79, 95.83333333333334, 120
18.8, 11.79, 97.5, 120
19.0, 11.79, 96.66666666666667, 120
19.2, 11.79, 95.0, 120
19.4, 11.79, 92.5, 120
19.6, 11.79, 96.66666666666667, 120
19.8, 11.79, 97.5, 120
20.0, 11.79, 91.66666666666667, 120
20.2, 11.79, 83.33333333333334, 120
20.4, 11.79, 76.66666666666666, 120
20.6, 11.79, 60.0, 120
20.8, 11.79, 34.166666666666664, 120
21.0, 11.79, 23.333333333333332, 120
21.2, 11.79, 15.0, 120
21.4, 11.79, 10.0, 120
21.6, 11.79, 7.500000000000001, 120
21.8, 11.79, 5.0, 120
22.0, 11.79, 5.833333333333334, 120
22.2, 11.79, 6.666666666666666, 120
22.4, 11.79, 3.3333333333333335, 120
16.0, 13.1, 95.83333333333334, 120
16.2, 13.1, 95.83333333333333, 120
16.4, 13.1, 96.66666666666667, 120
16.6, 13.1, 94.16666666666667, 120
16.8, 13.1, 92.5, 120
17.0, 13.1, 94.16666666666667, 120
17.2, 13.1, 95.83333333333334, 120
17.4, 13.1, 95.83333333333334, 120
17.6, 13.1, 93.33333333333333, 120
17.8, 13.1, 97.5, 120
18.0, 13.1, 94.16666666666667, 120
18.2, 13.1, 98.33333333333334, 120
18.4, 13.1, 99.16666666666667, 120
18.6, 13.1, 95.83333333333333, 120
18.8, 13.1, 95.0, 120
19.0, 13.1, 94.16666666666666, 120
19.2, 13.1, 93.33333333333333, 120
19.4, 13.1, 96.66666666666667, 120
19.6, 13.1, 96.66666666666667, 120
19.8, 13.1, 95.0, 120
20.0, 13.1, 91.66666666666666, 120
20.2, 13.1, 80.0, 120
20.4, 13.1, 65.0, 120
20.6, 13.1, 44.166666666666664, 120
20.8, 13.1, 25.833333333333332, 120
21.0, 13.1, 22.5, 120
21.2, 13.1, 18.333333333333332, 120
21.4, 13.1, 7.5, 120
21.6, 13.1, 7.500000000000001, 120
21.8, 13.1, 5.833333333333332, 120
22.0, 13.1, 5.833333333333333, 120
22.2, 13.1, 6.666666666666667, 120
22.4, 13.1, 7.499999999999999, 120
16.0, 14.672, 95.83333333333334, 120
16.2, 14.672, 95.0, 120
16.4, 14.672, 95.83333333333333, 120
16.6, 14.672, 95.0, 120
16.8, 14.672, 98.33333333333334, 120
17.0, 14.672, 97.5, 120
17.2, 14.672, 98.33333333333334, 120
17.4, 14.672, 97.5, 120
17.6, 14.672, 97.5, 120
17.8, 14.672, 95.83333333333333, 120
18.0, 14.672, 94.99999999999999, 120
18.2, 14.672, 95.83333333333334, 120
18.4, 14.672, 94.16666666666666, 120
18.6, 14.672, 95.83333333333334, 120
18.8, 14.672, 95.83333333333334, 120
19.0, 14.672, 94.16666666666667, 120
19.2, 14.672, 98.33333333333334, 120
19.4, 14.672, 89.16666666666666, 120
19.6, 14.672, 93.33333333333333, 120
19.8, 14.672, 90.83333333333333, 120
20.0, 14.672, 92.5, 120
20.2, 14.672, 73.33333333333333, 120
20.4, 14.672, 62.49999999999999, 120
20.6, 14.672, 46.66666666666667, 120
20.8, 14.672, 24.166666666666664, 120
21.0, 14.672, 20.0, 120
21.2, 14.672, 16.666666666666664, 120
21.4, 14.672, 7.5, 120
21.6, 14.672, 5.833333333333334, 120
21.8, 14.672, 7.500000000000001, 120
22.0, 14.672, 5.833333333333334, 120
22.2, 14.672, 3.3333333333333335, 120
22.4, 14.672, 4.166666666666667, 120
16.0, 16.506, 95.0, 120
16.2, 16.506, 98.33333333333334, 120
16.4, 16.506, 94.16666666666667, 120
16.6, 16.506, 96.66666666666667, 120
16.8, 16.506, 95.00000000000001, 120
17.0, 16.506, 96.66666666666667, 120
17.2, 16.506, 96.66666666666666, 120
17.4, 16.506, 95.83333333333334, 120
17.6, 16.506, 95.83333333333333, 120
17.8, 16.506, 92.5, 120
18.0, 16.506, 97.5, 120
18.2, 16.506, 94.16666666666667, 120
18.4, 16.506, 96.66666666666667, 120
18.6, 16.506, 97.5, 120
18.8, 16.506, 95.0, 120
19.0, 16.506, 94.16666666666667, 120
19.2, 16.506, 95.00000000000001, 120
19.4, 16.506, 92.5, 120
19.6, 16.506, 95.83333333333333, 120
19.8, 16.506, 86.66666666666667, 120
20.0, 16.506, 83.33333333333334, 120
20.2, 16.506, 64.16666666666666, 120
20.4, 16.506, 48.33333333333333, 120
20.6, 16.506, 30.83333333333333, 120
20.8, 16.506, 18.333333333333336, 120
21.0, 16.506, 10.833333333333332, 120
21.2, 16.506, 4.166666666666667, 120
21.4, 16.506, 6.666666666666667, 120
21.6, 16.506, 5.0, 120
21.8, 16.506, 7.499999999999999, 120
22.0, 16.506, 5.833333333333334, 120
22.2, 16.506, 5.0, 120
22.4, 16.506, 1.6666666666666667, 120
16.0, 18.602, 93.33333333333333, 120
16.2, 18.602, 96.66666666666667, 120
16.4, 18.602, 95.83333333333333, 120
16.6, 18.602, 95.83333333333333, 120
16.8, 18.602, 99.16666666666667, 120
17.0, 18.602, 95.0, 120
17.2, 18.602, 95.83333333333334, 120
17.4, 18.602, 99.16666666666667, 120
17.6, 18.602, 95.83333333333333, 120
17.8, 18.602, 94.16666666666667, 120
18.0, 18.602, 96.66666666666667, 120
18.2, 18.602, 99.16666666666667, 120
18.4, 18.602, 93.33333333333334, 120
18.6, 18.602, 94.16666666666666, 120
18.8, 18.602, 89.16666666666666, 120
19.0, 18.602, 98.33333333333334, 120
19.2, 18.602, 97.5, 120
19.4, 18.602, 95.0, 120
19.6, 18.602, 91.66666666666667, 120
19.8, 18.602, 85.0, 120
20.0, 18.602, 68.33333333333333, 120
20.2, 18.602, 59.16666666666667, 120
20.4, 18.602, 38.333333333333336, 120
20.6, 18.602, 27.499999999999996, 120
20.8, 18.602, 15.0, 120
21.0, 18.602, 9.166666666666666, 120
21.2, 18.602, 9.166666666666668, 120
21.4, 18.602, 5.0, 120
21.6, 18.602, 4.166666666666667, 120
21.8, 18.602, 5.0, 120
22.0, 18.602, 4.166666666666667, 120
22.2, 18.602, 4.166666666666667, 120
22.4, 18.602, 0.8333333333333334, 120
16.0, 20.698, 97.5, 120
16.2, 20.698, 96.66666666666667, 120
16.4, 20.698, 95.00000000000001, 120
16.6, 20.698, 97.5, 120
16.8, 20.698, 98.33333333333334, 120
17.0, 20.698, 95.0, 120
17.2, 20.698, 95.00000000000001, 120
17.4, 20.698, 95.83333333333333, 120
17.6, 20.698, 97.5, 120
17.8, 20.698, 99.16666666666667, 120
18.0, 20.698, 96.66666666666666, 120
18.2, 20.698, 96.66666666666666, 120
18.4, 20.698, 93.33333333333333, 120
18.6, 20.698, 98.33333333333334, 120
18.8, 20.698, 98.33333333333334, 120
19.0, 20.698, 97.50000000000001, 120
19.2, 20.698, 95.00000000000001, 120
19.4, 20.698, 97.5, 120
19.6, 20.698, 90.0, 120
19.8, 20.698, 75.0, 120
20.0, 20.698, 55.833333333333336, 120
20.2, 20.698, 40.83333333333333, 120
20.4, 20.698, 20.833333333333332, 120
20.6, 20.698, 17.5, 120
20.8, 20.698, 10.833333333333332, 120
21.0, 20.698, 4.166666666666667, 120
21.2, 20.698, 4.999999999999999, 120
21.4, 20.698, 8.333333333333334, 120
21.6, 20.698, 11.666666666666668, 120
21.8, 20.698, 3.3333333333333335, 120
22.0, 20.698, 3.3333333333333335, 120
22.2, 20.698, 3.3333333333333335, 120
22.4, 20.698, 5.0, 120
16.0, 23.318, 92.50000000000001, 120
16.2, 23.318, 97.5, 120
16.4, 23.318, 98.33333333333334, 120
16.6, 23.318, 91.66666666666666, 120
16.8, 23.318, 96.66666666666667, 120
17.0, 23.318, 95.83333333333334, 120
17.2, 23.318, 97.5, 120
17.4, 23.318, 96.66666666666666, 120
17.6, 23.318, 95.83333333333334, 120
17.8, 23.318, 95.0, 120
18.0, 23.318, 95.83333333333333, 120
18.2, 23.318, 95.0, 120
18.4, 23.318, 92.50000000000001, 120
18.6, 23.318, 95.83333333333333, 120
18.8, 23.318, 95.0, 120
19.0, 23.318, 94.16666666666667, 120
19.2, 23.318, 95.83333333333333, 120
19.4, 23.318, 96.66666666666667, 120
19.6, 23.318, 77.5, 120
19.8, 23.318, 68.33333333333331, 120
20.0, 23.318, 45.83333333333333, 120
20.2, 23.318, 30.0, 120
20.4, 23.318, 22.5, 120
20.6, 23.318, 10.000000000000002, 120
20.8, 23.318, 8.333333333333332, 120
21.0, 23.318, 7.5, 120
21.2, 23.318, 5.833333333333334, 120
21.4, 23.318, 7.5, 120
21.6, 23.318, 7.500000000000002, 120
21.8, 23.318, 3.3333333333333335, 120
22.0, 23.318, 5.0, 120
22.2, 23.318, 4.166666666666667, 120
22.4, 23.318, 1.6666666666666667, 120
16.0, 26.2, 96.66666666666667, 120
16.2, 26.2, 94.16666666666666, 120
16.4, 26.2, 98.33333333333334, 120
16.6, 26.2, 94.16666666666667, 120
16.8, 26.2, 95.0, 120
17.0, 26.2, 96.66666666666667, 120
17.2, 26.2, 95.83333333333334, 120
17.4, 26.2, 96.66666666666667, 120
17.6, 26.2, 98.33333333333333, 120
17.8, 26.2, 94.16666666666667, 120
18.0, 26.2, 93.33333333333334, 120
18.2, 26.2, 95.0, 120
18.4, 26.2, 96.66666666666667, 120
18.6, 26.2, 95.83333333333333, 120
18.8, 26.2, 92.5, 120
19.0, 26.2, 95.83333333333334, 120
19.2, 26.2, 88.33333333333333, 120
19.4, 26.2, 79.16666666666667, 120
19.6, 26.2, 60.0, 120
19.8, 26.2, 41.666666666666664, 120
20.0, 26.2, 34.16666666666666, 120
20.2, 26.2, 16.666666666666664, 120
20.4, 26.2, 15.833333333333334, 120
20.6, 26.2, 11.666666666666668, 120
20.8, 26.2, 5.0, 120
21.0, 26.2, 7.5, 120
21.2, 26.2, 3.3333333333333335, 120
21.4, 26.2, 3.3333333333333335, 120
21.6, 26.2, 5.0, 120
21.8, 26.2, 0.0, 120
22.0, 26.2, 2.5, 120
22.2, 26.2, 1.6666666666666667, 120
22.4, 26.2, 3.3333333333333335, 120
16.0, 29.344, 97.91666666666666, 48
16.2, 29.344, 97.91666666666666, 48
16.4, 29.344, 89.58333333333333, 48
16.6, 29.344, 100.0, 48
16.8, 29.344, 97.91666666666666, 48
17.0, 29.344, 97.91666666666666, 48
17.2, 29.344, 97.91666666666666, 48
17.4, 29.344, 93.75, 48
17.6, 29.344, 100.0, 48
17.8, 29.344, 93.75, 48
18.0, 29.344, 93.75, 48
18.2, 29.344, 97.91666666666666, 48
18.4, 29.344, 95.83333333333334, 48
18.6, 29.344, 93.75, 48
18.8, 29.344, 100.0, 48
19.0, 29.344, 97.91666666666666, 48
19.2, 29.344, 93.75, 48
19.4, 29.344, 72.91666666666667, 48
19.6, 29.344, 47.916666666666664, 48
19.8, 29.344, 37.5, 48
20.0, 29.344, 29.166666666666664, 48
20.2, 29.344, 14.58333333333333, 48
20.4, 29.344, 10.416666666666666, 48
20.6, 29.344, 14.583333333333334, 48
20.8, 29.344, 6.249999999999999, 48
21.0, 29.344, 4.166666666666666, 48
21.2, 29.344, 8.333333333333332, 48
21.4, 29.344, 8.333333333333332, 48
21.6, 29.344, 0.0, 48
21.8, 29.344, 4.166666666666666, 48
22.0, 29.344, 2.083333333333333, 48
22.2, 29.344, 0.0, 48
22.4, 29.344, 6.249999999999999, 48
16.0, 33.012, 95.83333333333334, 48
16.2, 33.012, 97.91666666666666, 48
16.4, 33.012, 95.83333333333333, 48
16.6, 33.012, 95.83333333333334, 48
16.8, 33.012, 95.83333333333334, 48
17.0, 33.012, 100.0, 48
17.2, 33.012, 97.91666666666666, 48
17.4, 33.012, 97.91666666666666, 48
17.6, 33.012, 95.83333333333334, 48
17.8, 33.012, 95.83333333333333, 48
18.0, 33.012, 95.83333333333331, 48
18.2, 33.012, 97.91666666666666, 48
18.4, 33.012, 93.75, 48
18.6, 33.012, 97.91666666666666, 48
18.8, 33.012, 91.66666666666666, 48
19.0, 33.012, 81.25, 48
19.2, 33.012, 83.33333333333334, 48
19.4, 33.012, 52.08333333333333, 48
19.6, 33.012, 33.33333333333333, 48
19.8, 33.012, 10.416666666666664, 48
20.0, 33.012, 14.583333333333332, 48
20.2, 33.012, 8.333333333333332, 48
20.4, 33.012, 6.249999999999999, 48
20.6, 33.012, 4.166666666666666, 48
20.8, 33.012, 2.083333333333333, 48
21.0, 33.012, 4.166666666666666, 48
21.2, 33.012, 4.166666666666666, 48
21.4, 33.012, 6.249999999999999, 48
21.6, 33.012, 0.0, 48
21.8, 33.012, 8.333333333333332, 48
22.0, 33.012, 4.166666666666666, 48
22.2, 33.012, 4.166666666666666, 48
22.4, 33.012, 6.25, 48
16.0, 36.942, 95.83333333333333, 48
16.2, 36.942, 97.91666666666666, 48
16.4, 36.942, 97.91666666666666, 48
16.6, 36.942, 100.0, 48
16.8, 36.942, 95.83333333333333, 48
17.0, 36.942, 97.91666666666666, 48
17.2, 36.942, 95.83333333333334, 48
17.4, 36.942, 100.0, 48
17.6, 36.942, 89.58333333333334, 48
17.8, 36.942, 97.91666666666666, 48
18.0, 36.942, 97.91666666666666, 48
18.2, 36.942, 97.91666666666666, 48
18.4, 36.942, 93.75, 48
18.6, 36.942, 100.0, 48
18.8, 36.942, 91.66666666666666, 48
19.0, 36.942, 66.66666666666666, 48
19.2, 36.942, 60.41666666666667, 48
19.4, 36.942, 37.5, 48
19.6, 36.942, 24.999999999999993, 48
19.8, 36.942, 12.5, 48
20.0, 36.942, 10.416666666666666, 48
20.2, 36.942, 8.333333333333332, 48
20.4, 36.942, 4.166666666666666, 48
20.6, 36.942, 8.333333333333332, 48
20.8, 36.942, 10.416666666666664, 48
21.0, 36.942, 2.083333333333333, 48
21.2, 36.942, 8.333333333333332, 48
21.4, 36.942, 0.0, 48
21.6, 36.942, 10.416666666666664, 48
21.8, 36.942, 4.166666666666666, 48
22.0, 36.942, 4.166666666666666, 48
22.2, 36.942, 6.249999999999999, 48
22.4, 36.942, 2.083333333333333, 48
16.0, 41.396, 100.0, 48
16.2, 41.396, 97.91666666666666, 48
16.4, 41.396, 97.91666666666666, 48
16.6, 41.396, 93.75, 48
16.8, 41.396, 93.75, 48
17.0, 41.396, 95.83333333333331, 48
17.2, 41.396, 93.75, 48
17.4, 41.396, 93.75, 48
17.6, 41.396, 97.91666666666666, 48
17.8, 41.396, 95.83333333333334, 48
18.0, 41.396, 95.83333333333334, 48
18.2, 41.396, 97.91666666666666, 48
18.4, 41.396, 97.91666666666666, 48
18.6, 41.396, 93.75, 48
18.8, 41.396, 89.58333333333331, 48
19.0, 41.396, 54.16666666666667, 48
19.2, 41.396, 29.166666666666664, 48
19.4, 41.396, 33.33333333333333, 48
19.6, 41.396, 25.0, 48
19.8, 41.396, 12.499999999999998, 48
20.0, 41.396, 6.249999999999999, 48
20.2, 41.396, 4.166666666666666, 48
20.4, 41.396, 10.416666666666664, 48
20.6, 41.396, 4.166666666666666, 48
20.8, 41.396, 10.416666666666664, 48
21.0, 41.396, 8.333333333333332, 48
21.2, 41.396, 0.0, 48
21.4, 41.396, 2.083333333333333, 48
21.6, 41.396, 10.416666666666664, 48
21.8, 41.396, 2.083333333333333, 48
22.0, 41.396, 2.083333333333333, 48
22.2, 41.396, 4.166666666666666, 48
22.4, 41.396, 0.0, 48
16.0, 46.636, 100.0, 48
16.2, 46.636, 100.0, 48
16.4, 46.636, 97.91666666666666, 48
16.6, 46.636, 95.83333333333334, 48
16.8, 46.636, 97.91666666666666, 48
17.0, 46.636, 100.0, 48
17.2, 46.636, 93.75, 48
17.4, 46.636, 97.91666666666666, 48
17.6, 46.636, 95.83333333333334, 48
17.8, 46.636, 93.75, 48
18.0, 46.636, 91.66666666666666, 48
18.2, 46.636, 93.75, 48
18.4, 46.636, 93.75, 48
18.6, 46.636, 85.41666666666667, 48
18.8, 46.636, 72.91666666666666, 48
19.0, 46.636, 39.583333333333336, 48
19.2, 46.636, 27.083333333333332, 48
19.4, 46.636, 20.833333333333332, 48
19.6, 46.636, 20.83333333333333, 48
19.8, 46.636, 8.333333333333332, 48
20.0, 46.636, 6.249999999999999, 48
20.2, 46.636, 6.249999999999999, 48
20.4, 46.636, 6.249999999999999, 48
20.6, 46.636, 6.249999999999999, 48
20.8, 46.636, 2.083333333333333, 48
21.0, 46.636, 4.166666666666666, 48
21.2, 46.636, 4.166666666666666, 48
21.4, 46.636, 4.166666666666666, 48
21.6, 46.636, 0.0, 48
21.8, 46.636, 4.166666666666666, 48
22.0, 46.636, 6.249999999999999, 48
22.2, 46.636, 0.0, 48
22.4, 46.636, 0.0, 48
16.0, 52.4, 91.66666666666667, 24
16.2, 52.4, 100.0, 24
16.4, 52.4, 95.83333333333334, 24
16.6, 52.4, 95.83333333333334, 24
16.8, 52.4, 97.91666666666666, 48
17.0, 52.4, 100.0, 48
17.2, 52.4, 97.91666666666666, 48
17.4, 52.4, 97.91666666666666, 48
17.6, 52.4, 97.91666666666666, 48
17.8, 52.4, 97.91666666666666, 48
18.0, 52.4, 97.91666666666666, 48
18.2, 52.4, 91.66666666666666, 48
18.4, 52.4, 70.83333333333334, 48
18.6, 52.4, 60.416666666666664, 48
18.8, 52.4, 41.66666666666667, 48
19.0, 52.4, 27.083333333333332, 48
19.2, 52.4, 18.749999999999993, 48
19.4, 52.4, 18.75, 48
19.6, 52.4, 2.083333333333333, 48
19.8, 52.4, 4.166666666666666, 48
20.0, 52.4, 8.333333333333332, 48
20.2, 52.4, 2.083333333333333, 48
20.4, 52.4, 8.333333333333332, 48
20.6, 52.4, 10.416666666666664, 48
20.8, 52.4, 2.083333333333333, 48
21.0, 52.4, 6.249999999999999, 48
21.2, 52.4, 6.249999999999999, 48
21.4, 52.4, 0.0, 48
21.6, 52.4, 2.083333333333333, 48
21.8, 52.4, 0.0, 48
22.0, 52.4, 0.0, 48
22.2, 52.4, 0.0, 48
22.4, 52.4, 0.0, 48
16.0, 58.688, 95.83333333333334, 24
16.2, 58.688, 100.0, 24
16.4, 58.688, 100.0, 24
16.6, 58.688, 100.0, 24
16.8, 58.688, 95.83333333333334, 48
17.0, 58.688, 100.0, 48
17.2, 58.688, 91.66666666666666, 48
17.4, 58.688, 100.0, 48
17.6, 58.688, 95.83333333333334, 48
17.8, 58.688, 100.0, 48
18.0, 58.688, 97.91666666666666, 48
18.2, 58.688, 89.58333333333334, 48
18.4, 58.688, 54.166666666666664, 48
18.6, 58.688, 43.75, 48
18.8, 58.688, 22.916666666666664, 48
19.0, 58.688, 29.166666666666668, 48
19.2, 58.688, 14.583333333333332, 48
19.4, 58.688, 12.5, 48
19.6, 58.688, 6.249999999999999, 48
19.8, 58.688, 2.083333333333333, 48
20.0, 58.688, 4.166666666666666, 48
20.2, 58.688, 8.333333333333332, 48
20.4, 58.688, 8.333333333333332, 48
20.6, 58.688, 6.25, 48
20.8, 58.688, 10.416666666666664, 48
21.0, 58.688, 4.166666666666666, 48
21.2, 58.688, 2.083333333333333, 48
21.4, 58.688, 2.083333333333333, 48
21.6, 58.688, 0.0, 48
21.8, 58.688, 0.0, 48
22.0, 58.688, 0.0, 48
22.2, 58.688, 0.0, 48
22.4, 58.688, 0.0, 48
16.0, 65.762, 95.83333333333334, 24
16.2, 65.762, 95.83333333333334, 24
16.4, 65.762, 100.0, 24
16.6, 65.762, 91.66666666666667, 24
16.8, 65.762, 95.83333333333334, 48
17.0, 65.762, 97.91666666666666, 48
17.2, 65.762, 97.91666666666666, 48
17.4, 65.762, 97.91666666666666, 48
17.6, 65.762, 97.91666666666666, 48
17.8, 65.762, 93.75, 48
18.0, 65.762, 85.41666666666669, 48
18.2, 65.762, 66.66666666666666, 48
18.4, 65.762, 45.83333333333333, 48
18.6, 65.762, 29.166666666666664, 48
18.8, 65.762, 12.5, 48
19.0, 65.762, 33.33333333333333, 48
19.2, 65.762, 8.333333333333332, 48
19.4, 65.762, 8.333333333333332, 48
19.6, 65.762, 8.333333333333332, 48
19.8, 65.762, 10.416666666666664, 48
20.0, 65.762, 4.166666666666666, 48
20.2, 65.762, 10.416666666666664, 48
20.4, 65.762, 2.083333333333333, 48
20.6, 65.762, 2.083333333333333, 48
20.8, 65.762, 4.166666666666666, 48
21.0, 65.762, 0.0, 48
21.2, 65.762, 4.166666666666666, 48
21.4, 65.762, 0.0, 48
21.6, 65.762, 0.0, 48
21.8, 65.762, 0.0, 48
22.0, 65.762, 0.0, 48
22.2, 65.762, 0.0, 48
22.4, 65.762, 0.0, 48
16.0, 73.884, 100.0, 24
16.2, 73.884, 100.0, 24
16.4, 73.884, 95.83333333333334, 24
16.6, 73.884, 100.0, 24
16.8, 73.884, 93.75, 48
17.0, 73.884, 93.75, 48
17.2, 73.884, 95.83333333333331, 48
17.4, 73.884, 97.91666666666666, 48
17.6, 73.884, 91.66666666666667, 48
17.8, 73.884, 95.83333333333334, 48
18.0, 73.884, 66.66666666666667, 48
18.2, 73.884, 45.833333333333336, 48
18.4, 73.884, 24.999999999999996, 48
18.6, 73.884, 16.666666666666664, 48
18.8, 73.884, 6.249999999999999, 48
19.0, 73.884, 12.5, 48
19.2, 73.884, 10.416666666666664, 48
19.4, 73.884, 10.416666666666666, 48
19.6, 73.884, 6.249999999999999, 48
19.8, 73.884, 10.416666666666664, 48
20.0, 73.884, 2.083333333333333, 48
20.2, 73.884, 0.0, 48
20.4, 73.884, 4.166666666666666, 48
20.6, 73.884, 4.166666666666666, 48
20.8, 73.884, 12.5, 48
21.0, 73.884, 6.249999999999999, 48
21.2, 73.884, 0.0, 48
21.4, 73.884, 0.0, 48
21.6, 73.884, 0.0, 48
21.8, 73.884, 0.0, 48
22.0, 73.884, 0.0, 48
22.2, 73.884, 0.0, 48
22.4, 73.884, 0.0, 48
16.0, 82.792, 95.83333333333334, 24
16.2, 82.792, 100.0, 24
16.4, 82.792, 95.83333333333334, 24
16.6, 82.792, 95.83333333333334, 24
16.8, 82.792, 93.75, 48
17.0, 82.792, 93.75, 48
17.2, 82.792, 95.83333333333333, 48
17.4, 82.792, 95.83333333333333, 48
17.6, 82.792, 87.5, 48
17.8, 82.792, 64.58333333333333, 48
18.0, 82.792, 39.583333333333336, 48
18.2, 82.792, 39.583333333333336, 48
18.4, 82.792, 18.75, 48
18.6, 82.792, 18.75, 48
18.8, 82.792, 10.416666666666664, 48
19.0, 82.792, 6.249999999999999, 48
19.2, 82.792, 4.166666666666666, 48
19.4, 82.792, 2.083333333333333, 48
19.6, 82.792, 2.083333333333333, 48
19.8, 82.792, 4.166666666666666, 48
20.0, 82.792, 8.333333333333332, 48
20.2, 82.792, 4.166666666666666, 48
20.4, 82.792, 4.166666666666666, 48
20.6, 82.792, 0.0, 48
20.8, 82.792, 0.0, 48
21.0, 82.792, 0.0, 48
21.2, 82.792, 0.0, 48
21.4, 82.792, 0.0, 48
21.6, 82.792, 0.0, 48
21.8, 82.792, 0.0, 48
22.0, 82.792, 0.0, 48
22.2, 82.792, 0.0, 48
22.4, 82.792, 0.0, 48
16.0, 93.01, 91.66666666666667, 24
16.2, 93.01, 100.0, 24
16.4, 93.01, 100.0, 24
16.6, 93.01, 100.0, 24
16.8, 93.01, 93.75, 48
17.0, 93.01, 95.83333333333334, 48
17.2, 93.01, 95.83333333333333, 48
17.4, 93.01, 83.33333333333334, 48
17.6, 93.01, 70.83333333333334, 48
17.8, 93.01, 43.75, 48
18.0, 93.01, 29.166666666666668, 48
18.2, 93.01, 10.416666666666664, 48
18.4, 93.01, 18.75, 48
18.6, 93.01, 18.749999999999996, 48
18.8, 93.01, 8.333333333333332, 48
19.0, 93.01, 8.333333333333332, 48
19.2, 93.01, 8.333333333333332, 48
19.4, 93.01, 6.249999999999999, 48
19.6, 93.01, 0.0, 48
19.8, 93.01, 8.333333333333332, 48
20.0, 93.01, 10.416666666666664, 48
20.2, 93.01, 4.166666666666666, 48
20.4, 93.01, 6.249999999999999, 48
20.6, 93.01, 0.0, 48
20.8, 93.01, 0.0, 48
21.0, 93.01, 0.0, 48
21.2, 93.01, 0.0, 48
21.4, 93.01, 0.0, 48
21.6, 93.01, 0.0, 48
21.8, 93.01, 0.0, 48
22.0, 93.01, 0.0, 48
22.2, 93.01, 0.0, 48
22.4, 93.01, 0.0, 48
16.0, 104.276, 95.83333333333334, 24
16.2, 104.276, 100.0, 24
16.4, 104.276, 100.0, 24
16.6, 104.276, 95.83333333333334, 24
16.8, 104.276, 89.58333333333334, 48
17.0, 104.276, 93.75, 48
17.2, 104.276, 85.41666666666667, 48
17.4, 104.276, 75.0, 48
17.6, 104.276, 58.333333333333336, 48
17.8, 104.276, 27.08333333333333, 48
18.0, 104.276, 12.499999999999998, 48
18.2, 104.276, 16.666666666666664, 48
18.4, 104.276, 10.416666666666664, 48
18.6, 104.276, 12.499999999999998, 48
18.8, 104.276, 8.333333333333332, 48
19.0, 104.276, 8.333333333333332, 48
19.2, 104.276, 2.083333333333333, 48
19.4, 104.276, 4.166666666666666, 48
19.6, 104.276, 4.166666666666666, 48
19.8, 104.276, 8.333333333333332, 48
20.0, 104.276, 0.0, 48
20.2, 104.276, 2.083333333333333, 48
20.4, 104.276, 0.0, 48
20.6, 104.276, 0.0, 48
20.8, 104.276, 0.0, 48
21.0, 104.276, 0.0, 48
21.2, 104.276, 0.0, 48
21.4, 104.276, 0.0, 48
21.6, 104.276, 0.0, 48
21.8, 104.276, 0.0, 48
22.0, 104.276, 0.0, 48
22.2, 104.276, 0.0, 48
22.4, 104.276, 0.0, 48
16.0, 117.114, 100.0, 24
16.2, 117.114, 100.0, 24
16.4, 117.114, 100.0, 24
16.6, 117.114, 100.0, 24
16.8, 117.114, 87.5, 24
17.0, 117.114, 95.83333333333334, 24
17.2, 117.114, 66.66666666666666, 24
17.4, 117.114, 58.33333333333333, 24
17.6, 117.114, 37.49999999999999, 24
17.8, 117.114, 0.0, 24
18.0, 117.114, 0.0, 24
18.2, 117.114, 8.333333333333332, 24
18.4, 117.114, 12.499999999999998, 24
18.6, 117.114, 8.333333333333332, 24
18.8, 117.114, 4.166666666666666, 24
19.0, 117.114, 12.499999999999998, 24
19.2, 117.114, 4.166666666666666, 24
19.4, 117.114, 8.333333333333332, 24
19.6, 117.114, 4.166666666666666, 24
19.8, 117.114, 4.166666666666666, 24
20.0, 117.114, 0.0, 24
20.2, 117.114, 0.0, 24
20.4, 117.114, 0.0, 24
20.6, 117.114, 0.0, 24
20.8, 117.114, 0.0, 24
21.0, 117.114, 0.0, 24
21.2, 117.114, 0.0, 24
21.4, 117.114, 0.0, 24
21.6, 117.114, 0.0, 24
21.8, 117.114, 0.0, 24
22.0, 117.114, 0.0, 24
22.2, 117.114, 0.0, 24
22.4, 117.114, 0.0, 24
16.0, 131.262, 100.0, 24
16.2, 131.262, 95.83333333333334, 24
16.4, 131.262, 95.83333333333334, 24
16.6, 131.262, 87.5, 24
16.8, 131.262, 91.66666666666667, 24
17.0, 131.262, 75.0, 24
17.2, 131.262, 45.83333333333333, 24
17.4, 131.262, 37.5, 24
17.6, 131.262, 12.499999999999998, 24
17.8, 131.262, 20.83333333333333, 24
18.0, 131.262, 12.499999999999998, 24
18.2, 131.262, 8.333333333333332, 24
18.4, 131.262, 8.333333333333332, 24
18.6, 131.262, 4.166666666666666, 24
18.8, 131.262, 0.0, 24
19.0, 131.262, 4.166666666666666, 24
19.2, 131.262, 12.499999999999998, 24
19.4, 131.262, 0.0, 24
19.6, 131.262, 0.0, 24
19.8, 131.262, 0.0, 24
20.0, 131.262, 0.0, 24
20.2, 131.262, 0.0, 24
20.4, 131.262, 0.0, 24
20.6, 131.262, 0.0, 24
20.8, 131.262, 0.0, 24
21.0, 131.262, 0.0, 24
21.2, 131.262, 0.0, 24
21.4, 131.262, 0.0, 24
21.6, 131.262, 0.0, 24
21.8, 131.262, 0.0, 24
22.0, 131.262, 0.0, 24
22.2, 131.262, 0.0, 24
22.4, 131.262, 0.0, 24
16.0, 147.244, 100.0, 24
16.2, 147.244, 100.0, 24
16.4, 147.244, 95.83333333333334, 24
16.6, 147.244, 87.5, 24
16.8, 147.244, 58.33333333333333, 24
17.0, 147.244, 50.0, 24
17.2, 147.244, 37.5, 24
17.4, 147.244, 16.666666666666664, 24
17.6, 147.244, 20.83333333333333, 24
17.8, 147.244, 16.666666666666664, 24
18.0, 147.244, 8.333333333333332, 24
18.2, 147.244, 12.499999999999998, 24
18.4, 147.244, 8.333333333333332, 24
18.6, 147.244, 16.666666666666664, 24
18.8, 147.244, 12.499999999999998, 24
19.0, 147.244, 4.166666666666666, 24
19.2, 147.244, 0.0, 24
19.4, 147.244, 4.166666666666666, 24
19.6, 147.244, 0.0, 24
19.8, 147.244, 0.0, 24
20.0, 147.244, 0.0, 24
20.2, 147.244, 0.0, 24
20.4, 147.244, 0.0, 24
20.6, 147.244, 0.0, 24
20.8, 147.244, 0.0, 24
21.0, 147.244, 0.0, 24
21.2, 147.244, 0.0, 24
21.4, 147.244, 0.0, 24
21.6, 147.244, 0.0, 24
21.8, 147.244, 0.0, 24
22.0, 147.244, 0.0, 24
22.2, 147.244, 0.0, 24
22.4, 147.244, 0.0, 24
16.0, 165.322, 91.66666666666666, 24
16.2, 165.322, 100.0, 24
16.4, 165.322, 95.83333333333334, 24
16.6, 165.322, 70.83333333333333, 24
16.8, 165.322, 41.666666666666664, 24
17.0, 165.322, 58.33333333333333, 24
17.2, 165.322, 16.666666666666664, 24
17.4, 165.322, 29.166666666666664, 24
17.6, 165.322, 12.499999999999998, 24
17.8, 165.322, 8.333333333333332, 24
18.0, 165.322, 8.333333333333332, 24
18.2, 165.322, 4.166666666666666, 24
18.4, 165.322, 0.0, 24
18.6, 165.322, 4.166666666666666, 24
18.8, 165.322, 0.0, 24
19.0, 165.322, 0.0, 24
19.2, 165.322, 4.166666666666666, 24
19.4, 165.322, 0.0, 24
19.6, 165.322, 0.0, 24
19.8, 165.322, 0.0, 24
20.0, 165.322, 0.0, 24
20.2, 165.322, 0.0, 24
20.4, 165.322, 0.0, 24
20.6, 165.322, 0.0, 24
20.8, 165.322, 0.0, 24
21.0, 165.322, 0.0, 24
21.2, 165.322, 0.0, 24
21.4, 165.322, 0.0, 24
21.6, 165.322, 0.0, 24
21.8, 165.322, 0.0, 24
22.0, 165.322, 0.0, 24
22.2, 165.322, 0.0, 24
22.4, 165.322, 0.0, 24
16.0, 185.496, 87.5, 16
16.2, 185.496, 87.5, 16
16.4, 185.496, 50.0, 16
16.6, 185.496, 62.5, 16
16.8, 185.496, 37.5, 24
17.0, 185.496, 29.166666666666664, 24
17.2, 185.496, 33.33333333333333, 24
17.4, 185.496, 12.499999999999998, 24
17.6, 185.496, 16.666666666666664, 24
17.8, 185.496, 4.166666666666666, 24
18.0, 185.496, 4.166666666666666, 24
18.2, 185.496, 8.333333333333332, 24
18.4, 185.496, 4.166666666666666, 24
18.6, 185.496, 8.333333333333332, 24
18.8, 185.496, 4.166666666666666, 24
19.0, 185.496, 4.166666666666666, 24
19.2, 185.496, 0.0, 24
19.4, 185.496, 0.0, 24
19.6, 185.496, 0.0, 24
19.8, 185.496, 0.0, 24
20.0, 185.496, 0.0, 24
20.2, 185.496, 0.0, 24
20.4, 185.496, 0.0, 24
20.6, 185.496, 0.0, 24
20.8, 185.496, 0.0, 24
21.0, 185.496, 0.0, 24
21.2, 185.496, 0.0, 24
21.4, 185.496, 0.0, 24
21.6, 185.496, 0.0, 24
21.8, 185.496, 0.0, 24
22.0, 185.496, 0.0, 24
22.2, 185.496, 0.0, 24
22.4, 185.496, 0.0, 24
16.0, 208.028, 81.25, 16
16.2, 208.028, 87.5, 16
16.4, 208.028, 56.25, 16
16.6, 208.028, 31.25, 16
16.8, 208.028, 12.499999999999998, 24
17.0, 208.028, 29.166666666666664, 24
17.2, 208.028, 24.999999999999993, 24
17.4, 208.028, 4.166666666666666, 24
17.6, 208.028, 8.333333333333332, 24
17.8, 208.028, 0.0, 24
18.0, 208.028, 8.333333333333332, 24
18.2, 208.028, 4.166666666666666, 24
18.4, 208.028, 4.166666666666666, 24
18.6, 208.028, 0.0, 24
18.8, 208.028, 0.0, 24
19.0, 208.028, 0.0, 24
19.2, 208.028, 0.0, 24
19.4, 208.028, 0.0, 24
19.6, 208.028, 0.0, 24
19.8, 208.028, 0.0, 24
20.0, 208.028, 0.0, 24
20.2, 208.028, 0.0, 24
20.4, 208.028, 0.0, 24
20.6, 208.028, 0.0, 24
20.8, 208.028, 0.0, 24
21.0, 208.028, 0.0, 24
21.2, 208.028, 0.0, 24
21.4, 208.028, 0.0, 24
21.6, 208.028, 0.0, 24
21.8, 208.028, 0.0, 24
22.0, 208.028, 0.0, 24
22.2, 208.028, 0.0, 24
22.4, 208.028, 0.0, 24
16.0, 233.442, 75.0, 16
16.2, 233.442, 25.0, 16
16.4, 233.442, 18.75, 16
16.6, 233.442, 6.25, 16
16.8, 233.442, 29.16666666666666, 24
17.0, 233.442, 12.499999999999998, 24
17.2, 233.442, 20.83333333333333, 24
17.4, 233.442, 4.166666666666666, 24
17.6, 233.442, 12.499999999999998, 24
17.8, 233.442, 12.499999999999998, 24
18.0, 233.442, 12.499999999999998, 24
18.2, 233.442, 16.666666666666664, 24
18.4, 233.442, 4.166666666666666, 24
18.6, 233.442, 0.0, 24
18.8, 233.442, 0.0, 24
19.0, 233.442, 0.0, 24
19.2, 233.442, 0.0, 24
19.4, 233.442, 0.0, 24
19.6, 233.442, 0.0, 24
19.8, 233.442, 0.0, 24
20.0, 233.442, 0.0, 24
20.2, 233.442, 0.0, 24
20.4, 233.442, 0.0, 24
20.6, 233.442, 0.0, 24
20.8, 233.442, 0.0, 24
21.0, 233.442, 0.0, 24
21.2, 233.442, 0.0, 24
21.4, 233.442, 0.0, 24
21.6, 233.442, 0.0, 24
21.8, 233.442, 0.0, 24
22.0, 233.442, 0.0, 24
22.2, 233.442, 0.0, 24
22.4, 233.442, 0.0, 24
16.0, 262.0, 62.5, 16
16.2, 262.0, 50.0, 16
16.4, 262.0, 31.25, 16
16.6, 262.0, 37.5, 16
16.8, 262.0, 24.999999999999996, 24
17.0, 262.0, 12.499999999999998, 24
17.2, 262.0, 20.83333333333333, 24
17.4, 262.0, 16.666666666666664, 24
17.6, 262.0, 12.499999999999998, 24
17.8, 262.0, 12.499999999999998, 24
18.0, 262.0, 0.0, 24
18.2, 262.0, 4.166666666666666, 24
18.4, 262.0, 0.0, 24
18.6, 262.0, 0.0, 24
18.8, 262.0, 0.0, 24
19.0, 262.0, 0.0, 24
19.2, 262.0, 0.0, 24
19.4, 262.0, 0.0, 24
19.6, 262.0, 0.0, 24
19.8, 262.0, 0.0, 24
20.0, 262.0, 0.0, 24
20.2, 262.0, 0.0, 24
20.4, 262.0, 0.0, 24
20.6, 262.0, 0.0, 24
20.8, 262.0, 0.0, 24
21.0, 262.0, 0.0, 24
21.2, 262.0, 0.0, 24
21.4, 262.0, 0.0, 24
21.6, 262.0, 0.0, 24
21.8, 262.0, 0.0, 24
22.0, 262.0, 0.0, 24
22.2, 262.0, 0.0, 24
22.4, 262.0, 0.0, 24
16.0, 293.964, 56.25, 16
16.2, 293.964, 43.75, 16
16.4, 293.964, 18.75, 16
16.6, 293.964, 37.5, 16
16.8, 293.964, 8.333333333333332, 24
17.0, 293.964, 8.333333333333332, 24
17.2, 293.964, 12.499999999999998, 24
17.4, 293.964, 8.333333333333332, 24
17.6, 293.964, 0.0, 24
17.8, 293.964, 4.166666666666666, 24
18.0, 293.964, 4.166666666666666, 24
18.2, 293.964, 0.0, 24
18.4, 293.964, 0.0, 24
18.6, 293.964, 0.0, 24
18.8, 293.964, 0.0, 24
19.0, 293.964, 0.0, 24
19.2, 293.964, 0.0, 24
19.4, 293.964, 0.0, 24
19.6, 293.964, 0.0, 24
19.8, 293.964, 0.0, 24
20.0, 293.964, 0.0, 24
20.2, 293.964, 0.0, 24
20.4, 293.964, 0.0, 24
20.6, 293.964, 0.0, 24
20.8, 293.964, 0.0, 24
21.0, 293.964, 0.0, 24
21.2, 293.964, 0.0, 24
21.4, 293.964, 0.0, 24
21.6, 293.964, 0.0, 24
21.8, 293.964, 0.0, 24
22.0, 293.964, 0.0, 24
22.2, 293.964, 0.0, 24
22.4, 293.964, 0.0, 24
16.0, 329.858, 37.5, 16
16.2, 329.858, 37.5, 16
16.4, 329.858, 31.25, 16
16.6, 329.858, 18.75, 16
16.8, 329.858, 8.333333333333332, 24
17.0, 329.858, 12.499999999999998, 24
17.2, 329.858, 8.333333333333332, 24
17.4, 329.858, 8.333333333333332, 24
17.6, 329.858, 12.499999999999998, 24
17.8, 329.858, 0.0, 24
18.0, 329.858, 0.0, 24
18.2, 329.858, 0.0, 24
18.4, 329.858, 0.0, 24
18.6, 329.858, 0.0, 24
18.8, 329.858, 0.0, 24
19.0, 329.858, 0.0, 24
19.2, 329.858, 0.0, 24
19.4, 329.858, 0.0, 24
19.6, 329.858, 0.0, 24
19.8, 329.858, 0.0, 24
20.0, 329.858, 0.0, 24
20.2, 329.858, 0.0, 24
20.4, 329.858, 0.0, 24
20.6, 329.858, 0.0, 24
20.8, 329.858, 0.0, 24
21.0, 329.858, 0.0, 24
21.2, 329.858, 0.0, 24
21.4, 329.858, 0.0, 24
21.6, 329.858, 0.0, 24
21.8, 329.858, 0.0, 24
22.0, 329.858, 0.0, 24
22.2, 329.858, 0.0, 24
22.4, 329.858, 0.0, 24
16.0, 370.206, 18.75, 16
16.2, 370.206, 12.5, 16
16.4, 370.206, 12.5, 16
16.6, 370.206, 18.75, 16
16.8, 370.206, 16.666666666666664, 24
17.0, 370.206, 16.666666666666664, 24
17.2, 370.206, 8.333333333333332, 24
17.4, 370.206, 8.333333333333332, 24
17.6, 370.206, 0.0, 24
17.8, 370.206, 0.0, 24
18.0, 370.206, 0.0, 24
18.2, 370.206, 0.0, 24
18.4, 370.206, 0.0, 24
18.6, 370.206, 0.0, 24
18.8, 370.206, 0.0, 24
19.0, 370.206, 0.0, 24
19.2, 370.206, 0.0, 24
19.4, 370.206, 0.0, 24
19.6, 370.206, 0.0, 24
19.8, 370.206, 0.0, 24
20.0, 370.206, 0.0, 24
20.2, 370.206, 0.0, 24
20.4, 370.206, 0.0, 24
20.6, 370.206, 0.0, 24
20.8, 370.206, 0.0, 24
21.0, 370.206, 0.0, 24
21.2, 370.206, 0.0, 24
21.4, 370.206, 0.0, 24
21.6, 370.206, 0.0, 24
21.8, 370.206, 0.0, 24
22.0, 370.206, 0.0, 24
22.2, 370.206, 0.0, 24
22.4, 370.206, 0.0, 24
