#Column 1: Magnitude of injected artificial galaxy 
#Column 2: Effective radius in arcsecsonds of the injected artificial galaxy 
#Column 3: The algroithm's percentage (0 to 100) of objects recovered 
#Column 4: The number of artificial galaxies injected 
mag,rho,eff_rd, n_inj 
16.4, 2.62, 1.25, 80
16.6, 2.62, 2.5, 80
16.8, 2.62, 1.25, 80
17.0, 2.62, 3.75, 80
17.2, 2.62, 0.0, 80
17.4, 2.62, 3.75, 80
17.6, 2.62, 5.0, 80
17.8, 2.62, 10.0, 80
18.0, 2.62, 12.5, 80
18.2, 2.62, 20.0, 80
18.4, 2.62, 27.5, 80
18.6, 2.62, 31.25, 80
18.8, 2.62, 31.25, 80
19.0, 2.62, 41.25, 80
19.2, 2.62, 37.5, 80
19.4, 2.62, 37.5, 80
19.6, 2.62, 40.0, 80
19.8, 2.62, 43.75, 80
20.0, 2.62, 32.5, 80
20.2, 2.62, 37.5, 80
20.4, 2.62, 28.75, 80
20.6, 2.62, 21.25, 80
20.8, 2.62, 21.25, 80
21.0, 2.62, 22.5, 80
21.2, 2.62, 13.75, 80
21.4, 2.62, 15.0, 80
21.6, 2.62, 13.75, 80
21.8, 2.62, 8.75, 80
22.0, 2.62, 8.75, 80
22.2, 2.62, 8.75, 80
22.4, 2.62, 2.5, 80
16.4, 2.882, 1.25, 80
16.6, 2.882, 0.0, 80
16.8, 2.882, 0.0, 80
17.0, 2.882, 1.25, 80
17.2, 2.882, 11.25, 80
17.4, 2.882, 6.25, 80
17.6, 2.882, 20.0, 80
17.8, 2.882, 25.0, 80
18.0, 2.882, 37.5, 80
18.2, 2.882, 48.75, 80
18.4, 2.882, 38.75, 80
18.6, 2.882, 62.5, 80
18.8, 2.882, 60.0, 80
19.0, 2.882, 61.25, 80
19.2, 2.882, 67.5, 80
19.4, 2.882, 68.75, 80
19.6, 2.882, 61.25, 80
19.8, 2.882, 56.25, 80
20.0, 2.882, 55.0, 80
20.2, 2.882, 52.5, 80
20.4, 2.882, 43.75, 80
20.6, 2.882, 33.75, 80
20.8, 2.882, 22.5, 80
21.0, 2.882, 33.75, 80
21.2, 2.882, 18.75, 80
21.4, 2.882, 10.0, 80
21.6, 2.882, 12.5, 80
21.8, 2.882, 3.75, 80
22.0, 2.882, 5.0, 80
22.2, 2.882, 1.25, 80
22.4, 2.882, 2.5, 80
16.4, 3.406, 3.75, 80
16.6, 3.406, 5.0, 80
16.8, 3.406, 1.25, 80
17.0, 3.406, 11.25, 80
17.2, 3.406, 38.75, 80
17.4, 3.406, 45.0, 80
17.6, 3.406, 62.5, 80
17.8, 3.406, 56.25, 80
18.0, 3.406, 68.75, 80
18.2, 3.406, 71.25, 80
18.4, 3.406, 68.75, 80
18.6, 3.406, 71.25, 80
18.8, 3.406, 76.25, 80
19.0, 3.406, 78.75, 80
19.2, 3.406, 71.25, 80
19.4, 3.406, 72.5, 80
19.6, 3.406, 82.5, 80
19.8, 3.406, 71.25, 80
20.0, 3.406, 68.75, 80
20.2, 3.406, 65.0, 80
20.4, 3.406, 56.25, 80
20.6, 3.406, 50.0, 80
20.8, 3.406, 47.5, 80
21.0, 3.406, 41.25, 80
21.2, 3.406, 35.0, 80
21.4, 3.406, 15.0, 80
21.6, 3.406, 10.0, 80
21.8, 3.406, 7.5, 80
22.0, 3.406, 1.25, 80
22.2, 3.406, 5.0, 80
22.4, 3.406, 5.0, 80
16.4, 3.668, 6.25, 80
16.6, 3.668, 5.0, 80
16.8, 3.668, 16.25, 80
17.0, 3.668, 23.75, 80
17.2, 3.668, 58.75, 80
17.4, 3.668, 65.0, 80
17.6, 3.668, 76.25, 80
17.8, 3.668, 66.25, 80
18.0, 3.668, 80.0, 80
18.2, 3.668, 73.75, 80
18.4, 3.668, 75.0, 80
18.6, 3.668, 81.25, 80
18.8, 3.668, 77.5, 80
19.0, 3.668, 85.0, 80
19.2, 3.668, 71.25, 80
19.4, 3.668, 81.25, 80
19.6, 3.668, 85.0, 80
19.8, 3.668, 71.25, 80
20.0, 3.668, 71.25, 80
20.2, 3.668, 72.5, 80
20.4, 3.668, 65.0, 80
20.6, 3.668, 61.25, 80
20.8, 3.668, 55.0, 80
21.0, 3.668, 40.0, 80
21.2, 3.668, 31.25, 80
21.4, 3.668, 15.0, 80
21.6, 3.668, 7.5, 80
21.8, 3.668, 5.0, 80
22.0, 3.668, 3.75, 80
22.2, 3.668, 3.75, 80
22.4, 3.668, 2.5, 80
16.4, 4.192, 18.75, 80
16.6, 4.192, 35.0, 80
16.8, 4.192, 56.25, 80
17.0, 4.192, 72.5, 80
17.2, 4.192, 80.0, 80
17.4, 4.192, 85.0, 80
17.6, 4.192, 86.25, 80
17.8, 4.192, 88.75, 80
18.0, 4.192, 88.75, 80
18.2, 4.192, 85.0, 80
18.4, 4.192, 88.75, 80
18.6, 4.192, 82.5, 80
18.8, 4.192, 87.5, 80
19.0, 4.192, 86.25, 80
19.2, 4.192, 85.0, 80
19.4, 4.192, 86.25, 80
19.6, 4.192, 86.25, 80
19.8, 4.192, 87.5, 80
20.0, 4.192, 80.0, 80
20.2, 4.192, 82.5, 80
20.4, 4.192, 75.0, 80
20.6, 4.192, 66.25, 80
20.8, 4.192, 65.0, 80
21.0, 4.192, 38.75, 80
21.2, 4.192, 28.75, 80
21.4, 4.192, 16.25, 80
21.6, 4.192, 11.25, 80
21.8, 4.192, 12.5, 80
22.0, 4.192, 0.0, 80
22.2, 4.192, 6.25, 80
22.4, 4.192, 7.5, 80
16.4, 4.716, 48.75, 80
16.6, 4.716, 77.5, 80
16.8, 4.716, 82.5, 80
17.0, 4.716, 92.5, 80
17.2, 4.716, 95.0, 80
17.4, 4.716, 95.0, 80
17.6, 4.716, 96.25, 80
17.8, 4.716, 97.5, 80
18.0, 4.716, 93.75, 80
18.2, 4.716, 88.75, 80
18.4, 4.716, 92.5, 80
18.6, 4.716, 95.0, 80
18.8, 4.716, 92.5, 80
19.0, 4.716, 90.0, 80
19.2, 4.716, 92.5, 80
19.4, 4.716, 90.0, 80
19.6, 4.716, 88.75, 80
19.8, 4.716, 85.0, 80
20.0, 4.716, 96.25, 80
20.2, 4.716, 85.0, 80
20.4, 4.716, 78.75, 80
20.6, 4.716, 77.5, 80
20.8, 4.716, 52.5, 80
21.0, 4.716, 45.0, 80
21.2, 4.716, 23.75, 80
21.4, 4.716, 17.5, 80
21.6, 4.716, 10.0, 80
21.8, 4.716, 7.5, 80
22.0, 4.716, 3.75, 80
22.2, 4.716, 2.5, 80
22.4, 4.716, 2.5, 80
16.4, 5.24, 93.75, 80
16.6, 5.24, 96.25, 80
16.8, 5.24, 92.5, 80
17.0, 5.24, 90.0, 80
17.2, 5.24, 93.75, 80
17.4, 5.24, 95.0, 80
17.6, 5.24, 96.25, 80
17.8, 5.24, 93.75, 80
18.0, 5.24, 95.0, 80
18.2, 5.24, 93.75, 80
18.4, 5.24, 92.5, 80
18.6, 5.24, 93.75, 80
18.8, 5.24, 95.0, 80
19.0, 5.24, 95.0, 80
19.2, 5.24, 87.5, 80
19.4, 5.24, 87.5, 80
19.6, 5.24, 93.75, 80
19.8, 5.24, 92.5, 80
20.0, 5.24, 86.25, 80
20.2, 5.24, 87.5, 80
20.4, 5.24, 76.25, 80
20.6, 5.24, 80.0, 80
20.8, 5.24, 65.0, 80
21.0, 5.24, 45.0, 80
21.2, 5.24, 32.5, 80
21.4, 5.24, 20.0, 80
21.6, 5.24, 12.5, 80
21.8, 5.24, 8.75, 80
22.0, 5.24, 7.5, 80
22.2, 5.24, 3.75, 80
22.4, 5.24, 5.0, 80
16.4, 5.764, 96.25, 80
16.6, 5.764, 96.25, 80
16.8, 5.764, 95.0, 80
17.0, 5.764, 98.75, 80
17.2, 5.764, 97.5, 80
17.4, 5.764, 88.75, 80
17.6, 5.764, 93.75, 80
17.8, 5.764, 95.0, 80
18.0, 5.764, 95.0, 80
18.2, 5.764, 97.5, 80
18.4, 5.764, 96.25, 80
18.6, 5.764, 97.5, 80
18.8, 5.764, 93.75, 80
19.0, 5.764, 95.0, 80
19.2, 5.764, 88.75, 80
19.4, 5.764, 96.25, 80
19.6, 5.764, 93.75, 80
19.8, 5.764, 91.25, 80
20.0, 5.764, 88.75, 80
20.2, 5.764, 87.5, 80
20.4, 5.764, 78.75, 80
20.6, 5.764, 68.75, 80
20.8, 5.764, 57.49999999999999, 80
21.0, 5.764, 41.25, 80
21.2, 5.764, 35.0, 80
21.4, 5.764, 12.5, 80
21.6, 5.764, 10.0, 80
21.8, 5.764, 5.0, 80
22.0, 5.764, 10.0, 80
22.2, 5.764, 5.0, 80
22.4, 5.764, 0.0, 80
16.4, 6.55, 97.5, 80
16.6, 6.55, 97.5, 80
16.8, 6.55, 95.0, 80
17.0, 6.55, 97.5, 80
17.2, 6.55, 96.25, 80
17.4, 6.55, 97.5, 80
17.6, 6.55, 95.0, 80
17.8, 6.55, 97.5, 80
18.0, 6.55, 98.75, 80
18.2, 6.55, 98.75, 80
18.4, 6.55, 96.25, 80
18.6, 6.55, 95.0, 80
18.8, 6.55, 92.5, 80
19.0, 6.55, 92.5, 80
19.2, 6.55, 93.75, 80
19.4, 6.55, 92.5, 80
19.6, 6.55, 95.0, 80
19.8, 6.55, 91.25, 80
20.0, 6.55, 88.75, 80
20.2, 6.55, 92.5, 80
20.4, 6.55, 78.75, 80
20.6, 6.55, 76.25, 80
20.8, 6.55, 60.0, 80
21.0, 6.55, 37.5, 80
21.2, 6.55, 15.0, 80
21.4, 6.55, 13.75, 80
21.6, 6.55, 12.5, 80
21.8, 6.55, 8.75, 80
22.0, 6.55, 10.0, 80
22.2, 6.55, 3.75, 80
22.4, 6.55, 7.5, 80
16.4, 7.336, 98.75, 80
16.6, 7.336, 96.25, 80
16.8, 7.336, 97.5, 80
17.0, 7.336, 97.5, 80
17.2, 7.336, 93.75, 80
17.4, 7.336, 97.5, 80
17.6, 7.336, 97.5, 80
17.8, 7.336, 95.0, 80
18.0, 7.336, 96.25, 80
18.2, 7.336, 97.5, 80
18.4, 7.336, 92.5, 80
18.6, 7.336, 95.0, 80
18.8, 7.336, 98.75, 80
19.0, 7.336, 97.5, 80
19.2, 7.336, 96.25, 80
19.4, 7.336, 92.5, 80
19.6, 7.336, 91.25, 80
19.8, 7.336, 93.75, 80
20.0, 7.336, 91.25, 80
20.2, 7.336, 85.0, 80
20.4, 7.336, 76.25, 80
20.6, 7.336, 63.75, 80
20.8, 7.336, 53.75, 80
21.0, 7.336, 35.0, 80
21.2, 7.336, 23.75, 80
21.4, 7.336, 15.0, 80
21.6, 7.336, 5.0, 80
21.8, 7.336, 6.25, 80
22.0, 7.336, 6.25, 80
22.2, 7.336, 2.5, 80
22.4, 7.336, 5.0, 80
16.4, 8.384, 97.5, 80
16.6, 8.384, 98.75, 80
16.8, 8.384, 96.25, 80
17.0, 8.384, 95.0, 80
17.2, 8.384, 96.25, 80
17.4, 8.384, 98.75, 80
17.6, 8.384, 98.75, 80
17.8, 8.384, 98.75, 80
18.0, 8.384, 96.25, 80
18.2, 8.384, 97.5, 80
18.4, 8.384, 98.75, 80
18.6, 8.384, 93.75, 80
18.8, 8.384, 97.5, 80
19.0, 8.384, 95.0, 80
19.2, 8.384, 96.25, 80
19.4, 8.384, 98.75, 80
19.6, 8.384, 97.5, 80
19.8, 8.384, 96.25, 80
20.0, 8.384, 82.5, 80
20.2, 8.384, 88.75, 80
20.4, 8.384, 78.75, 80
20.6, 8.384, 68.75, 80
20.8, 8.384, 42.5, 80
21.0, 8.384, 38.75, 80
21.2, 8.384, 16.25, 80
21.4, 8.384, 8.75, 80
21.6, 8.384, 3.75, 80
21.8, 8.384, 1.25, 80
22.0, 8.384, 7.5, 80
22.2, 8.384, 2.5, 80
22.4, 8.384, 5.0, 80
16.4, 9.17, 98.75, 80
16.6, 9.17, 95.0, 80
16.8, 9.17, 97.5, 80
17.0, 9.17, 96.25, 80
17.2, 9.17, 97.5, 80
17.4, 9.17, 98.75, 80
17.6, 9.17, 91.25, 80
17.8, 9.17, 96.25, 80
18.0, 9.17, 96.25, 80
18.2, 9.17, 96.25, 80
18.4, 9.17, 97.5, 80
18.6, 9.17, 93.75, 80
18.8, 9.17, 97.5, 80
19.0, 9.17, 98.75, 80
19.2, 9.17, 97.5, 80
19.4, 9.17, 96.25, 80
19.6, 9.17, 93.75, 80
19.8, 9.17, 92.5, 80
20.0, 9.17, 86.25, 80
20.2, 9.17, 86.25, 80
20.4, 9.17, 68.75, 80
20.6, 9.17, 51.25, 80
20.8, 9.17, 53.75, 80
21.0, 9.17, 28.75, 80
21.2, 9.17, 20.0, 80
21.4, 9.17, 12.5, 80
21.6, 9.17, 5.0, 80
21.8, 9.17, 10.0, 80
22.0, 9.17, 2.5, 80
22.2, 9.17, 3.75, 80
22.4, 9.17, 2.5, 80
16.4, 10.48, 96.25, 80
16.6, 10.48, 100.0, 80
16.8, 10.48, 97.5, 80
17.0, 10.48, 98.75, 80
17.2, 10.48, 97.5, 80
17.4, 10.48, 96.25, 80
17.6, 10.48, 96.25, 80
17.8, 10.48, 100.0, 80
18.0, 10.48, 95.0, 80
18.2, 10.48, 95.0, 80
18.4, 10.48, 97.5, 80
18.6, 10.48, 97.5, 80
18.8, 10.48, 90.0, 80
19.0, 10.48, 97.5, 80
19.2, 10.48, 95.0, 80
19.4, 10.48, 93.75, 80
19.6, 10.48, 96.25, 80
19.8, 10.48, 91.25, 80
20.0, 10.48, 92.5, 80
20.2, 10.48, 81.25, 80
20.4, 10.48, 73.75, 80
20.6, 10.48, 56.25, 80
20.8, 10.48, 28.75, 80
21.0, 10.48, 23.75, 80
21.2, 10.48, 8.75, 80
21.4, 10.48, 11.25, 80
21.6, 10.48, 8.75, 80
21.8, 10.48, 3.75, 80
22.0, 10.48, 5.0, 80
22.2, 10.48, 0.0, 80
22.4, 10.48, 0.0, 80
16.4, 11.79, 100.0, 80
16.6, 11.79, 96.25, 80
16.8, 11.79, 97.5, 80
17.0, 11.79, 98.75, 80
17.2, 11.79, 97.5, 80
17.4, 11.79, 98.75, 80
17.6, 11.79, 93.75, 80
17.8, 11.79, 95.0, 80
18.0, 11.79, 96.25, 80
18.2, 11.79, 92.5, 80
18.4, 11.79, 97.5, 80
18.6, 11.79, 91.25, 80
18.8, 11.79, 100.0, 80
19.0, 11.79, 98.75, 80
19.2, 11.79, 95.0, 80
19.4, 11.79, 93.75, 80
19.6, 11.79, 91.25, 80
19.8, 11.79, 95.0, 80
20.0, 11.79, 86.25, 80
20.2, 11.79, 82.5, 80
20.4, 11.79, 60.0, 80
20.6, 11.79, 46.25, 80
20.8, 11.79, 30.0, 80
21.0, 11.79, 17.5, 80
21.2, 11.79, 11.25, 80
21.4, 11.79, 10.0, 80
21.6, 11.79, 7.5, 80
21.8, 11.79, 10.0, 80
22.0, 11.79, 3.75, 80
22.2, 11.79, 2.5, 80
22.4, 11.79, 5.0, 80
16.4, 13.1, 98.75, 80
16.6, 13.1, 97.5, 80
16.8, 13.1, 98.75, 80
17.0, 13.1, 96.25, 80
17.2, 13.1, 98.75, 80
17.4, 13.1, 98.75, 80
17.6, 13.1, 97.5, 80
17.8, 13.1, 96.25, 80
18.0, 13.1, 92.5, 80
18.2, 13.1, 98.75, 80
18.4, 13.1, 95.0, 80
18.6, 13.1, 100.0, 80
18.8, 13.1, 100.0, 80
19.0, 13.1, 92.5, 80
19.2, 13.1, 98.75, 80
19.4, 13.1, 95.0, 80
19.6, 13.1, 97.5, 80
19.8, 13.1, 95.0, 80
20.0, 13.1, 82.5, 80
20.2, 13.1, 72.5, 80
20.4, 13.1, 67.5, 80
20.6, 13.1, 41.25, 80
20.8, 13.1, 28.75, 80
21.0, 13.1, 13.75, 80
21.2, 13.1, 7.5, 80
21.4, 13.1, 5.0, 80
21.6, 13.1, 5.0, 80
21.8, 13.1, 1.25, 80
22.0, 13.1, 6.25, 80
22.2, 13.1, 1.25, 80
22.4, 13.1, 3.75, 80
16.4, 14.672, 100.0, 80
16.6, 14.672, 96.25, 80
16.8, 14.672, 98.75, 80
17.0, 14.672, 100.0, 80
17.2, 14.672, 97.5, 80
17.4, 14.672, 96.25, 80
17.6, 14.672, 95.0, 80
17.8, 14.672, 100.0, 80
18.0, 14.672, 98.75, 80
18.2, 14.672, 98.75, 80
18.4, 14.672, 93.75, 80
18.6, 14.672, 95.0, 80
18.8, 14.672, 93.75, 80
19.0, 14.672, 93.75, 80
19.2, 14.672, 98.75, 80
19.4, 14.672, 96.25, 80
19.6, 14.672, 90.0, 80
19.8, 14.672, 90.0, 80
20.0, 14.672, 72.5, 80
20.2, 14.672, 65.0, 80
20.4, 14.672, 51.25, 80
20.6, 14.672, 31.25, 80
20.8, 14.672, 16.25, 80
21.0, 14.672, 11.25, 80
21.2, 14.672, 5.0, 80
21.4, 14.672, 1.25, 80
21.6, 14.672, 6.25, 80
21.8, 14.672, 6.25, 80
22.0, 14.672, 3.75, 80
22.2, 14.672, 1.25, 80
22.4, 14.672, 5.0, 80
16.4, 16.506, 98.75, 80
16.6, 16.506, 98.75, 80
16.8, 16.506, 97.5, 80
17.0, 16.506, 100.0, 80
17.2, 16.506, 98.75, 80
17.4, 16.506, 97.5, 80
17.6, 16.506, 100.0, 80
17.8, 16.506, 97.5, 80
18.0, 16.506, 96.25, 80
18.2, 16.506, 100.0, 80
18.4, 16.506, 92.5, 80
18.6, 16.506, 95.0, 80
18.8, 16.506, 95.0, 80
19.0, 16.506, 92.5, 80
19.2, 16.506, 96.25, 80
19.4, 16.506, 93.75, 80
19.6, 16.506, 95.0, 80
19.8, 16.506, 85.0, 80
20.0, 16.506, 76.25, 80
20.2, 16.506, 53.75, 80
20.4, 16.506, 30.0, 80
20.6, 16.506, 20.0, 80
20.8, 16.506, 17.5, 80
21.0, 16.506, 12.5, 80
21.2, 16.506, 11.25, 80
21.4, 16.506, 6.25, 80
21.6, 16.506, 5.0, 80
21.8, 16.506, 5.0, 80
22.0, 16.506, 6.25, 80
22.2, 16.506, 3.75, 80
22.4, 16.506, 2.5, 80
16.4, 18.602, 96.25, 80
16.6, 18.602, 100.0, 80
16.8, 18.602, 98.75, 80
17.0, 18.602, 98.75, 80
17.2, 18.602, 97.5, 80
17.4, 18.602, 97.5, 80
17.6, 18.602, 95.0, 80
17.8, 18.602, 97.5, 80
18.0, 18.602, 96.25, 80
18.2, 18.602, 95.0, 80
18.4, 18.602, 100.0, 80
18.6, 18.602, 97.5, 80
18.8, 18.602, 95.0, 80
19.0, 18.602, 96.25, 80
19.2, 18.602, 98.75, 80
19.4, 18.602, 95.0, 80
19.6, 18.602, 90.0, 80
19.8, 18.602, 82.5, 80
20.0, 18.602, 68.75, 80
20.2, 18.602, 42.5, 80
20.4, 18.602, 23.75, 80
20.6, 18.602, 17.5, 80
20.8, 18.602, 10.0, 80
21.0, 18.602, 7.5, 80
21.2, 18.602, 5.0, 80
21.4, 18.602, 0.0, 80
21.6, 18.602, 1.25, 80
21.8, 18.602, 6.25, 80
22.0, 18.602, 3.75, 80
22.2, 18.602, 0.0, 80
22.4, 18.602, 0.0, 80
16.4, 20.698, 98.75, 80
16.6, 20.698, 97.5, 80
16.8, 20.698, 100.0, 80
17.0, 20.698, 98.75, 80
17.2, 20.698, 97.5, 80
17.4, 20.698, 97.5, 80
17.6, 20.698, 97.5, 80
17.8, 20.698, 97.5, 80
18.0, 20.698, 96.25, 80
18.2, 20.698, 98.75, 80
18.4, 20.698, 93.75, 80
18.6, 20.698, 96.25, 80
18.8, 20.698, 97.5, 80
19.0, 20.698, 96.25, 80
19.2, 20.698, 96.25, 80
19.4, 20.698, 87.5, 80
19.6, 20.698, 76.25, 80
19.8, 20.698, 73.75, 80
20.0, 20.698, 53.75, 80
20.2, 20.698, 38.75, 80
20.4, 20.698, 25.0, 80
20.6, 20.698, 8.75, 80
20.8, 20.698, 1.25, 80
21.0, 20.698, 6.25, 80
21.2, 20.698, 7.5, 80
21.4, 20.698, 6.25, 80
21.6, 20.698, 2.5, 80
21.8, 20.698, 2.5, 80
22.0, 20.698, 5.0, 80
22.2, 20.698, 1.25, 80
22.4, 20.698, 6.25, 80
16.4, 23.318, 98.75, 80
16.6, 23.318, 98.75, 80
16.8, 23.318, 96.25, 80
17.0, 23.318, 98.75, 80
17.2, 23.318, 97.5, 80
17.4, 23.318, 96.25, 80
17.6, 23.318, 100.0, 80
17.8, 23.318, 98.75, 80
18.0, 23.318, 95.0, 80
18.2, 23.318, 97.5, 80
18.4, 23.318, 97.5, 80
18.6, 23.318, 93.75, 80
18.8, 23.318, 96.25, 80
19.0, 23.318, 95.0, 80
19.2, 23.318, 97.5, 80
19.4, 23.318, 83.75, 80
19.6, 23.318, 76.25, 80
19.8, 23.318, 56.25, 80
20.0, 23.318, 25.0, 80
20.2, 23.318, 11.25, 80
20.4, 23.318, 11.25, 80
20.6, 23.318, 10.0, 80
20.8, 23.318, 5.0, 80
21.0, 23.318, 5.0, 80
21.2, 23.318, 6.25, 80
21.4, 23.318, 0.0, 80
21.6, 23.318, 3.75, 80
21.8, 23.318, 1.25, 80
22.0, 23.318, 8.75, 80
22.2, 23.318, 1.25, 80
22.4, 23.318, 1.25, 80
16.4, 26.2, 98.75, 80
16.6, 26.2, 100.0, 80
16.8, 26.2, 96.25, 80
17.0, 26.2, 100.0, 80
17.2, 26.2, 98.75, 80
17.4, 26.2, 98.75, 80
17.6, 26.2, 100.0, 80
17.8, 26.2, 98.75, 80
18.0, 26.2, 100.0, 80
18.2, 26.2, 97.5, 80
18.4, 26.2, 96.25, 80
18.6, 26.2, 97.5, 80
18.8, 26.2, 91.25, 80
19.0, 26.2, 97.5, 80
19.2, 26.2, 91.25, 80
19.4, 26.2, 80.0, 80
19.6, 26.2, 55.0, 80
19.8, 26.2, 37.5, 80
20.0, 26.2, 18.75, 80
20.2, 26.2, 12.5, 80
20.4, 26.2, 6.25, 80
20.6, 26.2, 6.25, 80
20.8, 26.2, 8.75, 80
21.0, 26.2, 3.75, 80
21.2, 26.2, 2.5, 80
21.4, 26.2, 3.75, 80
21.6, 26.2, 2.5, 80
21.8, 26.2, 3.75, 80
22.0, 26.2, 1.25, 80
22.2, 26.2, 3.75, 80
22.4, 26.2, 2.5, 80
16.4, 29.344, 92.5, 40
16.6, 29.344, 100.0, 40
16.8, 29.344, 100.0, 40
17.0, 29.344, 100.0, 40
17.2, 29.344, 100.0, 40
17.4, 29.344, 100.0, 40
17.6, 29.344, 100.0, 40
17.8, 29.344, 100.0, 40
18.0, 29.344, 97.5, 40
18.2, 29.344, 100.0, 40
18.4, 29.344, 95.0, 40
18.6, 29.344, 100.0, 40
18.8, 29.344, 95.0, 40
19.0, 29.344, 95.0, 40
19.2, 29.344, 85.0, 40
19.4, 29.344, 55.0, 40
19.6, 29.344, 40.0, 40
19.8, 29.344, 22.5, 40
20.0, 29.344, 20.0, 40
20.2, 29.344, 5.0, 40
20.4, 29.344, 5.0, 40
20.6, 29.344, 0.0, 40
20.8, 29.344, 2.5, 40
21.0, 29.344, 5.0, 40
21.2, 29.344, 12.5, 40
21.4, 29.344, 5.0, 40
21.6, 29.344, 10.0, 40
21.8, 29.344, 0.0, 40
22.0, 29.344, 5.0, 40
22.2, 29.344, 5.0, 40
22.4, 29.344, 2.5, 40
16.4, 33.012, 100.0, 40
16.6, 33.012, 100.0, 40
16.8, 33.012, 97.5, 40
17.0, 33.012, 97.5, 40
17.2, 33.012, 100.0, 40
17.4, 33.012, 97.5, 40
17.6, 33.012, 100.0, 40
17.8, 33.012, 100.0, 40
18.0, 33.012, 97.5, 40
18.2, 33.012, 97.5, 40
18.4, 33.012, 97.5, 40
18.6, 33.012, 92.5, 40
18.8, 33.012, 97.5, 40
19.0, 33.012, 90.0, 40
19.2, 33.012, 82.5, 40
19.4, 33.012, 40.0, 40
19.6, 33.012, 30.0, 40
19.8, 33.012, 17.5, 40
20.0, 33.012, 10.0, 40
20.2, 33.012, 10.0, 40
20.4, 33.012, 2.5, 40
20.6, 33.012, 5.0, 40
20.8, 33.012, 2.5, 40
21.0, 33.012, 2.5, 40
21.2, 33.012, 5.0, 40
21.4, 33.012, 7.5, 40
21.6, 33.012, 2.5, 40
21.8, 33.012, 5.0, 40
22.0, 33.012, 5.0, 40
22.2, 33.012, 7.5, 40
22.4, 33.012, 2.5, 40
16.4, 36.942, 100.0, 40
16.6, 36.942, 97.5, 40
16.8, 36.942, 100.0, 40
17.0, 36.942, 97.5, 40
17.2, 36.942, 97.5, 40
17.4, 36.942, 97.5, 40
17.6, 36.942, 97.5, 40
17.8, 36.942, 100.0, 40
18.0, 36.942, 97.5, 40
18.2, 36.942, 95.0, 40
18.4, 36.942, 97.5, 40
18.6, 36.942, 95.0, 40
18.8, 36.942, 77.5, 40
19.0, 36.942, 67.5, 40
19.2, 36.942, 50.0, 40
19.4, 36.942, 25.0, 40
19.6, 36.942, 12.5, 40
19.8, 36.942, 15.0, 40
20.0, 36.942, 7.5, 40
20.2, 36.942, 0.0, 40
20.4, 36.942, 2.5, 40
20.6, 36.942, 7.5, 40
20.8, 36.942, 10.0, 40
21.0, 36.942, 2.5, 40
21.2, 36.942, 0.0, 40
21.4, 36.942, 0.0, 40
21.6, 36.942, 2.5, 40
21.8, 36.942, 2.5, 40
22.0, 36.942, 5.0, 40
22.2, 36.942, 5.0, 40
22.4, 36.942, 2.5, 40
16.4, 41.396, 100.0, 40
16.6, 41.396, 95.0, 40
16.8, 41.396, 100.0, 40
17.0, 41.396, 100.0, 40
17.2, 41.396, 100.0, 40
17.4, 41.396, 100.0, 40
17.6, 41.396, 100.0, 40
17.8, 41.396, 100.0, 40
18.0, 41.396, 100.0, 40
18.2, 41.396, 97.5, 40
18.4, 41.396, 95.0, 40
18.6, 41.396, 95.0, 40
18.8, 41.396, 70.0, 40
19.0, 41.396, 50.0, 40
19.2, 41.396, 35.0, 40
19.4, 41.396, 15.0, 40
19.6, 41.396, 15.0, 40
19.8, 41.396, 2.5, 40
20.0, 41.396, 7.5, 40
20.2, 41.396, 5.0, 40
20.4, 41.396, 7.5, 40
20.6, 41.396, 0.0, 40
20.8, 41.396, 2.5, 40
21.0, 41.396, 2.5, 40
21.2, 41.396, 0.0, 40
21.4, 41.396, 0.0, 40
21.6, 41.396, 0.0, 40
21.8, 41.396, 7.5, 40
22.0, 41.396, 0.0, 40
22.2, 41.396, 5.0, 40
22.4, 41.396, 0.0, 40
16.4, 46.636, 97.5, 40
16.6, 46.636, 97.5, 40
16.8, 46.636, 95.0, 40
17.0, 46.636, 97.5, 40
17.2, 46.636, 100.0, 40
17.4, 46.636, 97.5, 40
17.6, 46.636, 100.0, 40
17.8, 46.636, 97.5, 40
18.0, 46.636, 100.0, 40
18.2, 46.636, 97.5, 40
18.4, 46.636, 85.0, 40
18.6, 46.636, 85.0, 40
18.8, 46.636, 47.5, 40
19.0, 46.636, 45.0, 40
19.2, 46.636, 15.0, 40
19.4, 46.636, 22.5, 40
19.6, 46.636, 12.5, 40
19.8, 46.636, 10.0, 40
20.0, 46.636, 7.5, 40
20.2, 46.636, 2.5, 40
20.4, 46.636, 10.0, 40
20.6, 46.636, 2.5, 40
20.8, 46.636, 7.5, 40
21.0, 46.636, 0.0, 40
21.2, 46.636, 2.5, 40
21.4, 46.636, 2.5, 40
21.6, 46.636, 5.0, 40
21.8, 46.636, 2.5, 40
22.0, 46.636, 5.0, 40
22.2, 46.636, 0.0, 40
22.4, 46.636, 0.0, 40
16.4, 52.4, 100.0, 20
16.6, 52.4, 100.0, 20
16.8, 52.4, 95.0, 40
17.0, 52.4, 100.0, 40
17.2, 52.4, 97.5, 40
17.4, 52.4, 97.5, 40
17.6, 52.4, 100.0, 40
17.8, 52.4, 97.5, 40
18.0, 52.4, 92.5, 40
18.2, 52.4, 85.0, 40
18.4, 52.4, 60.0, 40
18.6, 52.4, 57.5, 40
18.8, 52.4, 20.0, 40
19.0, 52.4, 22.5, 40
19.2, 52.4, 5.0, 40
19.4, 52.4, 5.0, 40
19.6, 52.4, 5.0, 40
19.8, 52.4, 5.0, 40
20.0, 52.4, 0.0, 40
20.2, 52.4, 2.5, 40
20.4, 52.4, 2.5, 40
20.6, 52.4, 2.5, 40
20.8, 52.4, 5.0, 40
21.0, 52.4, 2.5, 40
21.2, 52.4, 0.0, 40
21.4, 52.4, 2.5, 40
21.6, 52.4, 2.5, 40
21.8, 52.4, 0.0, 40
22.0, 52.4, 0.0, 40
22.2, 52.4, 0.0, 40
22.4, 52.4, 0.0, 40
16.4, 58.688, 100.0, 20
16.6, 58.688, 100.0, 20
16.8, 58.688, 97.5, 40
17.0, 58.688, 100.0, 40
17.2, 58.688, 97.5, 40
17.4, 58.688, 100.0, 40
17.6, 58.688, 97.5, 40
17.8, 58.688, 95.0, 40
18.0, 58.688, 100.0, 40
18.2, 58.688, 85.0, 40
18.4, 58.688, 52.5, 40
18.6, 58.688, 42.5, 40
18.8, 58.688, 22.5, 40
19.0, 58.688, 7.5, 40
19.2, 58.688, 10.0, 40
19.4, 58.688, 2.5, 40
19.6, 58.688, 10.0, 40
19.8, 58.688, 5.0, 40
20.0, 58.688, 2.5, 40
20.2, 58.688, 0.0, 40
20.4, 58.688, 0.0, 40
20.6, 58.688, 7.5, 40
20.8, 58.688, 5.0, 40
21.0, 58.688, 2.5, 40
21.2, 58.688, 0.0, 40
21.4, 58.688, 2.5, 40
21.6, 58.688, 0.0, 40
21.8, 58.688, 0.0, 40
22.0, 58.688, 0.0, 40
22.2, 58.688, 0.0, 40
22.4, 58.688, 0.0, 40
16.4, 65.762, 100.0, 20
16.6, 65.762, 95.0, 20
16.8, 65.762, 95.0, 40
17.0, 65.762, 100.0, 40
17.2, 65.762, 97.5, 40
17.4, 65.762, 100.0, 40
17.6, 65.762, 95.0, 40
17.8, 65.762, 90.0, 40
18.0, 65.762, 80.0, 40
18.2, 65.762, 60.0, 40
18.4, 65.762, 37.5, 40
18.6, 65.762, 17.5, 40
18.8, 65.762, 10.0, 40
19.0, 65.762, 7.5, 40
19.2, 65.762, 7.5, 40
19.4, 65.762, 7.5, 40
19.6, 65.762, 5.0, 40
19.8, 65.762, 2.5, 40
20.0, 65.762, 2.5, 40
20.2, 65.762, 10.0, 40
20.4, 65.762, 0.0, 40
20.6, 65.762, 2.5, 40
20.8, 65.762, 5.0, 40
21.0, 65.762, 5.0, 40
21.2, 65.762, 5.0, 40
21.4, 65.762, 0.0, 40
21.6, 65.762, 0.0, 40
21.8, 65.762, 0.0, 40
22.0, 65.762, 0.0, 40
22.2, 65.762, 0.0, 40
22.4, 65.762, 0.0, 40
16.4, 73.884, 95.0, 20
16.6, 73.884, 95.0, 20
16.8, 73.884, 97.5, 40
17.0, 73.884, 100.0, 40
17.2, 73.884, 100.0, 40
17.4, 73.884, 97.5, 40
17.6, 73.884, 100.0, 40
17.8, 73.884, 72.5, 40
18.0, 73.884, 50.0, 40
18.2, 73.884, 52.5, 40
18.4, 73.884, 15.0, 40
18.6, 73.884, 17.5, 40
18.8, 73.884, 7.5, 40
19.0, 73.884, 2.5, 40
19.2, 73.884, 7.5, 40
19.4, 73.884, 5.0, 40
19.6, 73.884, 5.0, 40
19.8, 73.884, 2.5, 40
20.0, 73.884, 5.0, 40
20.2, 73.884, 0.0, 40
20.4, 73.884, 7.5, 40
20.6, 73.884, 5.0, 40
20.8, 73.884, 0.0, 40
21.0, 73.884, 5.0, 40
21.2, 73.884, 0.0, 40
21.4, 73.884, 0.0, 40
21.6, 73.884, 0.0, 40
21.8, 73.884, 0.0, 40
22.0, 73.884, 0.0, 40
22.2, 73.884, 0.0, 40
22.4, 73.884, 0.0, 40
16.4, 82.792, 100.0, 20
16.6, 82.792, 100.0, 20
16.8, 82.792, 90.0, 40
17.0, 82.792, 100.0, 40
17.2, 82.792, 97.5, 40
17.4, 82.792, 92.5, 40
17.6, 82.792, 72.5, 40
17.8, 82.792, 52.5, 40
18.0, 82.792, 42.5, 40
18.2, 82.792, 27.5, 40
18.4, 82.792, 12.5, 40
18.6, 82.792, 15.0, 40
18.8, 82.792, 7.5, 40
19.0, 82.792, 5.0, 40
19.2, 82.792, 7.5, 40
19.4, 82.792, 5.0, 40
19.6, 82.792, 12.5, 40
19.8, 82.792, 2.5, 40
20.0, 82.792, 0.0, 40
20.2, 82.792, 5.0, 40
20.4, 82.792, 2.5, 40
20.6, 82.792, 2.5, 40
20.8, 82.792, 0.0, 40
21.0, 82.792, 0.0, 40
21.2, 82.792, 0.0, 40
21.4, 82.792, 0.0, 40
21.6, 82.792, 0.0, 40
21.8, 82.792, 0.0, 40
22.0, 82.792, 0.0, 40
22.2, 82.792, 0.0, 40
22.4, 82.792, 0.0, 40
16.4, 93.01, 95.0, 20
16.6, 93.01, 100.0, 20
16.8, 93.01, 95.0, 40
17.0, 93.01, 95.0, 40
17.2, 93.01, 90.0, 40
17.4, 93.01, 75.0, 40
17.6, 93.01, 67.5, 40
17.8, 93.01, 35.0, 40
18.0, 93.01, 20.0, 40
18.2, 93.01, 17.5, 40
18.4, 93.01, 10.0, 40
18.6, 93.01, 7.5, 40
18.8, 93.01, 2.5, 40
19.0, 93.01, 5.0, 40
19.2, 93.01, 2.5, 40
19.4, 93.01, 7.5, 40
19.6, 93.01, 10.0, 40
19.8, 93.01, 2.5, 40
20.0, 93.01, 0.0, 40
20.2, 93.01, 5.0, 40
20.4, 93.01, 7.5, 40
20.6, 93.01, 0.0, 40
20.8, 93.01, 0.0, 40
21.0, 93.01, 0.0, 40
21.2, 93.01, 0.0, 40
21.4, 93.01, 0.0, 40
21.6, 93.01, 0.0, 40
21.8, 93.01, 0.0, 40
22.0, 93.01, 0.0, 40
22.2, 93.01, 0.0, 40
22.4, 93.01, 0.0, 40
16.4, 104.276, 100.0, 20
16.6, 104.276, 95.0, 20
16.8, 104.276, 97.5, 40
17.0, 104.276, 92.5, 40
17.2, 104.276, 77.5, 40
17.4, 104.276, 72.5, 40
17.6, 104.276, 35.0, 40
17.8, 104.276, 17.5, 40
18.0, 104.276, 15.0, 40
18.2, 104.276, 10.0, 40
18.4, 104.276, 7.5, 40
18.6, 104.276, 2.5, 40
18.8, 104.276, 0.0, 40
19.0, 104.276, 2.5, 40
19.2, 104.276, 5.0, 40
19.4, 104.276, 0.0, 40
19.6, 104.276, 0.0, 40
19.8, 104.276, 5.0, 40
20.0, 104.276, 0.0, 40
20.2, 104.276, 2.5, 40
20.4, 104.276, 0.0, 40
20.6, 104.276, 0.0, 40
20.8, 104.276, 0.0, 40
21.0, 104.276, 0.0, 40
21.2, 104.276, 0.0, 40
21.4, 104.276, 0.0, 40
21.6, 104.276, 0.0, 40
21.8, 104.276, 0.0, 40
22.0, 104.276, 0.0, 40
22.2, 104.276, 0.0, 40
22.4, 104.276, 0.0, 40
16.4, 117.114, 100.0, 20
16.6, 117.114, 100.0, 20
16.8, 117.114, 100.0, 20
17.0, 117.114, 90.0, 20
17.2, 117.114, 50.0, 20
17.4, 117.114, 15.0, 20
17.6, 117.114, 5.0, 20
17.8, 117.114, 5.0, 20
18.0, 117.114, 0.0, 20
18.2, 117.114, 0.0, 20
18.4, 117.114, 0.0, 20
18.6, 117.114, 5.0, 20
18.8, 117.114, 10.0, 20
19.0, 117.114, 0.0, 20
19.2, 117.114, 5.0, 20
19.4, 117.114, 0.0, 20
19.6, 117.114, 5.0, 20
19.8, 117.114, 10.0, 20
20.0, 117.114, 0.0, 20
20.2, 117.114, 0.0, 20
20.4, 117.114, 0.0, 20
20.6, 117.114, 0.0, 20
20.8, 117.114, 0.0, 20
21.0, 117.114, 0.0, 20
21.2, 117.114, 0.0, 20
21.4, 117.114, 0.0, 20
21.6, 117.114, 0.0, 20
21.8, 117.114, 0.0, 20
22.0, 117.114, 0.0, 20
22.2, 117.114, 0.0, 20
22.4, 117.114, 0.0, 20
16.4, 131.262, 95.0, 20
16.6, 131.262, 95.0, 20
16.8, 131.262, 80.0, 20
17.0, 131.262, 60.0, 20
17.2, 131.262, 20.0, 20
17.4, 131.262, 35.0, 20
17.6, 131.262, 10.0, 20
17.8, 131.262, 5.0, 20
18.0, 131.262, 0.0, 20
18.2, 131.262, 5.0, 20
18.4, 131.262, 15.0, 20
18.6, 131.262, 0.0, 20
18.8, 131.262, 0.0, 20
19.0, 131.262, 10.0, 20
19.2, 131.262, 0.0, 20
19.4, 131.262, 0.0, 20
19.6, 131.262, 5.0, 20
19.8, 131.262, 0.0, 20
20.0, 131.262, 0.0, 20
20.2, 131.262, 0.0, 20
20.4, 131.262, 0.0, 20
20.6, 131.262, 0.0, 20
20.8, 131.262, 0.0, 20
21.0, 131.262, 0.0, 20
21.2, 131.262, 0.0, 20
21.4, 131.262, 0.0, 20
21.6, 131.262, 0.0, 20
21.8, 131.262, 0.0, 20
22.0, 131.262, 0.0, 20
22.2, 131.262, 0.0, 20
22.4, 131.262, 0.0, 20
16.4, 147.244, 90.0, 20
16.6, 147.244, 90.0, 20
16.8, 147.244, 60.0, 20
17.0, 147.244, 40.0, 20
17.2, 147.244, 15.0, 20
17.4, 147.244, 55.0, 20
17.6, 147.244, 5.0, 20
17.8, 147.244, 10.0, 20
18.0, 147.244, 5.0, 20
18.2, 147.244, 5.0, 20
18.4, 147.244, 0.0, 20
18.6, 147.244, 0.0, 20
18.8, 147.244, 5.0, 20
19.0, 147.244, 0.0, 20
19.2, 147.244, 10.0, 20
19.4, 147.244, 0.0, 20
19.6, 147.244, 0.0, 20
19.8, 147.244, 0.0, 20
20.0, 147.244, 0.0, 20
20.2, 147.244, 0.0, 20
20.4, 147.244, 0.0, 20
20.6, 147.244, 0.0, 20
20.8, 147.244, 0.0, 20
21.0, 147.244, 0.0, 20
21.2, 147.244, 0.0, 20
21.4, 147.244, 0.0, 20
21.6, 147.244, 0.0, 20
21.8, 147.244, 0.0, 20
22.0, 147.244, 0.0, 20
22.2, 147.244, 0.0, 20
22.4, 147.244, 0.0, 20
16.4, 165.322, 90.0, 20
16.6, 165.322, 40.0, 20
16.8, 165.322, 35.0, 20
17.0, 165.322, 10.0, 20
17.2, 165.322, 15.0, 20
17.4, 165.322, 0.0, 20
17.6, 165.322, 5.0, 20
17.8, 165.322, 5.0, 20
18.0, 165.322, 10.0, 20
18.2, 165.322, 5.0, 20
18.4, 165.322, 5.0, 20
18.6, 165.322, 5.0, 20
18.8, 165.322, 10.0, 20
19.0, 165.322, 0.0, 20
19.2, 165.322, 0.0, 20
19.4, 165.322, 0.0, 20
19.6, 165.322, 0.0, 20
19.8, 165.322, 0.0, 20
20.0, 165.322, 0.0, 20
20.2, 165.322, 0.0, 20
20.4, 165.322, 0.0, 20
20.6, 165.322, 0.0, 20
20.8, 165.322, 0.0, 20
21.0, 165.322, 0.0, 20
21.2, 165.322, 0.0, 20
21.4, 165.322, 0.0, 20
21.6, 165.322, 0.0, 20
21.8, 165.322, 0.0, 20
22.0, 165.322, 0.0, 20
22.2, 165.322, 0.0, 20
22.4, 165.322, 0.0, 20
16.4, 185.496, 42.857142857142854, 14
16.6, 185.496, 35.71428571428571, 14
16.8, 185.496, 15.0, 20
17.0, 185.496, 20.0, 20
17.2, 185.496, 15.0, 20
17.4, 185.496, 15.0, 20
17.6, 185.496, 5.0, 20
17.8, 185.496, 15.0, 20
18.0, 185.496, 5.0, 20
18.2, 185.496, 0.0, 20
18.4, 185.496, 5.0, 20
18.6, 185.496, 0.0, 20
18.8, 185.496, 0.0, 20
19.0, 185.496, 0.0, 20
19.2, 185.496, 0.0, 20
19.4, 185.496, 0.0, 20
19.6, 185.496, 0.0, 20
19.8, 185.496, 0.0, 20
20.0, 185.496, 0.0, 20
20.2, 185.496, 0.0, 20
20.4, 185.496, 0.0, 20
20.6, 185.496, 0.0, 20
20.8, 185.496, 0.0, 20
21.0, 185.496, 0.0, 20
21.2, 185.496, 0.0, 20
21.4, 185.496, 0.0, 20
21.6, 185.496, 0.0, 20
21.8, 185.496, 0.0, 20
22.0, 185.496, 0.0, 20
22.2, 185.496, 0.0, 20
22.4, 185.496, 0.0, 20
16.4, 208.028, 28.57142857142857, 14
16.6, 208.028, 14.285714285714285, 14
16.8, 208.028, 5.0, 20
17.0, 208.028, 15.0, 20
17.2, 208.028, 10.0, 20
17.4, 208.028, 5.0, 20
17.6, 208.028, 0.0, 20
17.8, 208.028, 0.0, 20
18.0, 208.028, 10.0, 20
18.2, 208.028, 0.0, 20
18.4, 208.028, 10.0, 20
18.6, 208.028, 0.0, 20
18.8, 208.028, 0.0, 20
19.0, 208.028, 0.0, 20
19.2, 208.028, 0.0, 20
19.4, 208.028, 0.0, 20
19.6, 208.028, 0.0, 20
19.8, 208.028, 0.0, 20
20.0, 208.028, 0.0, 20
20.2, 208.028, 0.0, 20
20.4, 208.028, 0.0, 20
20.6, 208.028, 0.0, 20
20.8, 208.028, 0.0, 20
21.0, 208.028, 0.0, 20
21.2, 208.028, 0.0, 20
21.4, 208.028, 0.0, 20
21.6, 208.028, 0.0, 20
21.8, 208.028, 0.0, 20
22.0, 208.028, 0.0, 20
22.2, 208.028, 0.0, 20
22.4, 208.028, 0.0, 20
16.4, 233.442, 7.142857142857142, 14
16.6, 233.442, 14.285714285714285, 14
16.8, 233.442, 5.0, 20
17.0, 233.442, 0.0, 20
17.2, 233.442, 15.0, 20
17.4, 233.442, 5.0, 20
17.6, 233.442, 5.0, 20
17.8, 233.442, 0.0, 20
18.0, 233.442, 0.0, 20
18.2, 233.442, 5.0, 20
18.4, 233.442, 0.0, 20
18.6, 233.442, 0.0, 20
18.8, 233.442, 0.0, 20
19.0, 233.442, 0.0, 20
19.2, 233.442, 0.0, 20
19.4, 233.442, 0.0, 20
19.6, 233.442, 0.0, 20
19.8, 233.442, 0.0, 20
20.0, 233.442, 0.0, 20
20.2, 233.442, 0.0, 20
20.4, 233.442, 0.0, 20
20.6, 233.442, 0.0, 20
20.8, 233.442, 0.0, 20
21.0, 233.442, 0.0, 20
21.2, 233.442, 0.0, 20
21.4, 233.442, 0.0, 20
21.6, 233.442, 0.0, 20
21.8, 233.442, 0.0, 20
22.0, 233.442, 0.0, 20
22.2, 233.442, 0.0, 20
22.4, 233.442, 0.0, 20
16.4, 262.0, 0.0, 14
16.6, 262.0, 7.142857142857142, 14
16.8, 262.0, 15.0, 20
17.0, 262.0, 20.0, 20
17.2, 262.0, 15.0, 20
17.4, 262.0, 0.0, 20
17.6, 262.0, 0.0, 20
17.8, 262.0, 10.0, 20
18.0, 262.0, 15.0, 20
18.2, 262.0, 0.0, 20
18.4, 262.0, 0.0, 20
18.6, 262.0, 0.0, 20
18.8, 262.0, 0.0, 20
19.0, 262.0, 0.0, 20
19.2, 262.0, 0.0, 20
19.4, 262.0, 0.0, 20
19.6, 262.0, 0.0, 20
19.8, 262.0, 0.0, 20
20.0, 262.0, 0.0, 20
20.2, 262.0, 0.0, 20
20.4, 262.0, 0.0, 20
20.6, 262.0, 0.0, 20
20.8, 262.0, 0.0, 20
21.0, 262.0, 0.0, 20
21.2, 262.0, 0.0, 20
21.4, 262.0, 0.0, 20
21.6, 262.0, 0.0, 20
21.8, 262.0, 0.0, 20
22.0, 262.0, 0.0, 20
22.2, 262.0, 0.0, 20
22.4, 262.0, 0.0, 20
16.4, 293.964, 28.57142857142857, 14
16.6, 293.964, 14.285714285714285, 14
16.8, 293.964, 5.0, 20
17.0, 293.964, 10.0, 20
17.2, 293.964, 0.0, 20
17.4, 293.964, 5.0, 20
17.6, 293.964, 0.0, 20
17.8, 293.964, 0.0, 20
18.0, 293.964, 0.0, 20
18.2, 293.964, 0.0, 20
18.4, 293.964, 0.0, 20
18.6, 293.964, 0.0, 20
18.8, 293.964, 0.0, 20
19.0, 293.964, 0.0, 20
19.2, 293.964, 0.0, 20
19.4, 293.964, 0.0, 20
19.6, 293.964, 0.0, 20
19.8, 293.964, 0.0, 20
20.0, 293.964, 0.0, 20
20.2, 293.964, 0.0, 20
20.4, 293.964, 0.0, 20
20.6, 293.964, 0.0, 20
20.8, 293.964, 0.0, 20
21.0, 293.964, 0.0, 20
21.2, 293.964, 0.0, 20
21.4, 293.964, 0.0, 20
21.6, 293.964, 0.0, 20
21.8, 293.964, 0.0, 20
22.0, 293.964, 0.0, 20
22.2, 293.964, 0.0, 20
22.4, 293.964, 0.0, 20
16.4, 329.858, 14.285714285714285, 14
16.6, 329.858, 14.285714285714285, 14
16.8, 329.858, 10.0, 20
17.0, 329.858, 0.0, 20
17.2, 329.858, 0.0, 20
17.4, 329.858, 0.0, 20
17.6, 329.858, 5.0, 20
17.8, 329.858, 0.0, 20
18.0, 329.858, 0.0, 20
18.2, 329.858, 0.0, 20
18.4, 329.858, 0.0, 20
18.6, 329.858, 0.0, 20
18.8, 329.858, 0.0, 20
19.0, 329.858, 0.0, 20
19.2, 329.858, 0.0, 20
19.4, 329.858, 0.0, 20
19.6, 329.858, 0.0, 20
19.8, 329.858, 0.0, 20
20.0, 329.858, 0.0, 20
20.2, 329.858, 0.0, 20
20.4, 329.858, 0.0, 20
20.6, 329.858, 0.0, 20
20.8, 329.858, 0.0, 20
21.0, 329.858, 0.0, 20
21.2, 329.858, 0.0, 20
21.4, 329.858, 0.0, 20
21.6, 329.858, 0.0, 20
21.8, 329.858, 0.0, 20
22.0, 329.858, 0.0, 20
22.2, 329.858, 0.0, 20
22.4, 329.858, 0.0, 20
16.4, 370.206, 14.285714285714285, 14
16.6, 370.206, 7.142857142857142, 14
16.8, 370.206, 0.0, 20
17.0, 370.206, 5.0, 20
17.2, 370.206, 0.0, 20
17.4, 370.206, 5.0, 20
17.6, 370.206, 0.0, 20
17.8, 370.206, 0.0, 20
18.0, 370.206, 0.0, 20
18.2, 370.206, 0.0, 20
18.4, 370.206, 0.0, 20
18.6, 370.206, 0.0, 20
18.8, 370.206, 0.0, 20
19.0, 370.206, 0.0, 20
19.2, 370.206, 0.0, 20
19.4, 370.206, 0.0, 20
19.6, 370.206, 0.0, 20
19.8, 370.206, 0.0, 20
20.0, 370.206, 0.0, 20
20.2, 370.206, 0.0, 20
20.4, 370.206, 0.0, 20
20.6, 370.206, 0.0, 20
20.8, 370.206, 0.0, 20
21.0, 370.206, 0.0, 20
21.2, 370.206, 0.0, 20
21.4, 370.206, 0.0, 20
21.6, 370.206, 0.0, 20
21.8, 370.206, 0.0, 20
22.0, 370.206, 0.0, 20
22.2, 370.206, 0.0, 20
22.4, 370.206, 0.0, 20
