#Column 1: lower magnitude range of bin in apparent g magnitude 
#Column 2: upper magnitude range of bin in apparent g magnitude 
#Column 3: lower effective magnitude range in arcseconds 
#Column 4: upper effective magnitude range in arcseconds 
#Column 5: Combined algorithm and visual inspection recovery fraction within this range in percentage from 0 to 100 
# A value of Nan means no artificial galaxies were injected for visual inspection within this bin 
#Column 6: Number of artificial galaxies injected for visual inspection within this bin 
l_mag, h_mag, l_e_r, h_e_r, eff_rd 
16.13, 15.75, 2.51, 3.41, 0.0, 1
16.13, 15.75, 3.41, 4.64, Nan,  0
16.13, 15.75, 4.64, 6.31, Nan,  0
16.13, 15.75, 6.31, 8.58, Nan,  0
16.13, 15.75, 8.58, 11.66, Nan,  0
16.13, 15.75, 11.66, 15.85, 0.0, 6
16.13, 15.75, 15.85, 21.54, 0.0, 4
16.13, 15.75, 21.54, 29.29, Nan,  0
16.13, 15.75, 29.29, 39.81, 0.0, 1
16.13, 15.75, 39.81, 54.12, 0.0, 3
16.13, 15.75, 54.12, 73.56, Nan,  0
16.13, 15.75, 73.56, 100.0, Nan,  0
16.5, 16.13, 2.51, 3.41, Nan,  0
16.5, 16.13, 3.41, 4.64, 0.0, 1
16.5, 16.13, 4.64, 6.31, Nan,  0
16.5, 16.13, 6.31, 8.58, 0.0, 1
16.5, 16.13, 8.58, 11.66, 0.0, 8
16.5, 16.13, 11.66, 15.85, 0.0, 7
16.5, 16.13, 15.85, 21.54, 0.0, 6
16.5, 16.13, 21.54, 29.29, 0.0, 4
16.5, 16.13, 29.29, 39.81, 0.0, 4
16.5, 16.13, 39.81, 54.12, 0.0, 3
16.5, 16.13, 54.12, 73.56, 0.0, 3
16.5, 16.13, 73.56, 100.0, 0.0, 5
16.88, 16.5, 2.51, 3.41, 0.0, 2
16.88, 16.5, 3.41, 4.64, 0.0, 1
16.88, 16.5, 4.64, 6.31, Nan,  0
16.88, 16.5, 6.31, 8.58, 0.0, 4
16.88, 16.5, 8.58, 11.66, 27.14286, 7
16.88, 16.5, 11.66, 15.85, 55.11905, 7
16.88, 16.5, 15.85, 21.54, 97.08333, 5
16.88, 16.5, 21.54, 29.29, 98.75, 5
16.88, 16.5, 29.29, 39.81, 98.75, 5
16.88, 16.5, 39.81, 54.12, 96.66667, 5
16.88, 16.5, 54.12, 73.56, 72.65625, 4
16.88, 16.5, 73.56, 100.0, 0.0, 1
17.26, 16.88, 2.51, 3.41, 0.0, 1
17.26, 16.88, 3.41, 4.64, 0.0, 2
17.26, 16.88, 4.64, 6.31, 0.0, 1
17.26, 16.88, 6.31, 8.58, 24.375, 4
17.26, 16.88, 8.58, 11.66, 70.08929, 7
17.26, 16.88, 11.66, 15.85, 97.29167, 4
17.26, 16.88, 15.85, 21.54, 96.25, 4
17.26, 16.88, 21.54, 29.29, 96.5625, 4
17.26, 16.88, 29.29, 39.81, 96.25, 9
17.26, 16.88, 39.81, 54.12, 78.33333, 5
17.26, 16.88, 54.12, 73.56, 79.16667, 6
17.26, 16.88, 73.56, 100.0, 21.35417, 4
17.63, 17.26, 2.51, 3.41, 0.0, 3
17.63, 17.26, 3.41, 4.64, Nan,  0
17.63, 17.26, 4.64, 6.31, 7.57576, 11
17.63, 17.26, 6.31, 8.58, 0.0, 6
17.63, 17.26, 8.58, 11.66, 80.98958, 6
17.63, 17.26, 11.66, 15.85, 97.5, 4
17.63, 17.26, 15.85, 21.54, 96.66667, 12
17.63, 17.26, 21.54, 29.29, 96.25, 5
17.63, 17.26, 29.29, 39.81, 97.91667, 5
17.63, 17.26, 39.81, 54.12, 48.54167, 8
17.63, 17.26, 54.12, 73.56, 12.94643, 7
17.63, 17.26, 73.56, 100.0, 0.0, 1
18.01, 17.63, 2.51, 3.41, 0.0, 8
18.01, 17.63, 3.41, 4.64, 0.0, 5
18.01, 17.63, 4.64, 6.31, 14.58333, 6
18.01, 17.63, 6.31, 8.58, 78.64583, 6
18.01, 17.63, 8.58, 11.66, 83.125, 8
18.01, 17.63, 11.66, 15.85, 98.125, 5
18.01, 17.63, 15.85, 21.54, 98.95833, 9
18.01, 17.63, 21.54, 29.29, 96.25, 10
18.01, 17.63, 29.29, 39.81, 47.5, 4
18.01, 17.63, 39.81, 54.12, 38.57143, 7
18.01, 17.63, 54.12, 73.56, 0.0, 2
18.01, 17.63, 73.56, 100.0, 0.0, 1
18.39, 18.01, 2.51, 3.41, 0.0, 3
18.39, 18.01, 3.41, 4.64, 0.0, 5
18.39, 18.01, 4.64, 6.31, 0.0, 5
18.39, 18.01, 6.31, 8.58, 93.75, 8
18.39, 18.01, 8.58, 11.66, 95.0, 5
18.39, 18.01, 11.66, 15.85, 71.875, 8
18.39, 18.01, 15.85, 21.54, 75.66667, 5
18.39, 18.01, 21.54, 29.29, 75.5, 10
18.39, 18.01, 29.29, 39.81, 81.94444, 6
18.39, 18.01, 39.81, 54.12, 9.16667, 9
18.39, 18.01, 54.12, 73.56, 0.0, 8
18.39, 18.01, 73.56, 100.0, 0.0, 5
18.76, 18.39, 2.51, 3.41, 0.0, 4
18.76, 18.39, 3.41, 4.64, 32.03125, 6
18.76, 18.39, 4.64, 6.31, 50.71429, 7
18.76, 18.39, 6.31, 8.58, 83.30729, 8
18.76, 18.39, 8.58, 11.66, 95.9375, 11
18.76, 18.39, 11.66, 15.85, 81.77083, 6
18.76, 18.39, 15.85, 21.54, 83.03571, 7
18.76, 18.39, 21.54, 29.29, 80.38462, 13
18.76, 18.39, 29.29, 39.81, 54.5, 5
18.76, 18.39, 39.81, 54.12, 0.0, 8
18.76, 18.39, 54.12, 73.56, 0.0, 4
18.76, 18.39, 73.56, 100.0, 0.0, 3
19.14, 18.76, 2.51, 3.41, 0.0, 3
19.14, 18.76, 3.41, 4.64, 27.34375, 12
19.14, 18.76, 4.64, 6.31, 73.78472, 12
19.14, 18.76, 6.31, 8.58, 81.48438, 8
19.14, 18.76, 8.58, 11.66, 95.9375, 8
19.14, 18.76, 11.66, 15.85, 96.25, 8
19.14, 18.76, 15.85, 21.54, 64.58333, 9
19.14, 18.76, 21.54, 29.29, 43.90625, 8
19.14, 18.76, 29.29, 39.81, 21.5, 10
19.14, 18.76, 39.81, 54.12, 0.0, 5
19.14, 18.76, 54.12, 73.56, 0.0, 7
19.14, 18.76, 73.56, 100.0, Nan,  0
19.52, 19.14, 2.51, 3.41, 6.04167, 5
19.52, 19.14, 3.41, 4.64, 35.79545, 11
19.52, 19.14, 4.64, 6.31, 84.16667, 9
19.52, 19.14, 6.31, 8.58, 92.91667, 16
19.52, 19.14, 8.58, 11.66, 96.875, 14
19.52, 19.14, 11.66, 15.85, 94.58333, 7
19.52, 19.14, 15.85, 21.54, 45.0, 12
19.52, 19.14, 21.54, 29.29, 43.75, 8
19.52, 19.14, 29.29, 39.81, 8.85417, 8
19.52, 19.14, 39.81, 54.12, 0.0, 5
19.52, 19.14, 54.12, 73.56, 0.0, 5
19.52, 19.14, 73.56, 100.0, 0.0, 1
19.89, 19.52, 2.51, 3.41, 3.89881, 7
19.89, 19.52, 3.41, 4.64, 31.875, 11
19.89, 19.52, 4.64, 6.31, 79.16667, 11
19.89, 19.52, 6.31, 8.58, 87.91667, 6
19.89, 19.52, 8.58, 11.66, 89.0625, 8
19.89, 19.52, 11.66, 15.85, 78.97727, 11
19.89, 19.52, 15.85, 21.54, 15.83333, 8
19.89, 19.52, 21.54, 29.29, 0.0, 5
19.89, 19.52, 29.29, 39.81, 1.38889, 9
19.89, 19.52, 39.81, 54.12, 0.0, 8
19.89, 19.52, 54.12, 73.56, 0.0, 5
19.89, 19.52, 73.56, 100.0, Nan,  0
20.27, 19.89, 2.51, 3.41, 11.66667, 10
20.27, 19.89, 3.41, 4.64, 47.13542, 6
20.27, 19.89, 4.64, 6.31, 76.25, 11
20.27, 19.89, 6.31, 8.58, 78.125, 6
20.27, 19.89, 8.58, 11.66, 66.99219, 8
20.27, 19.89, 11.66, 15.85, 51.96429, 14
20.27, 19.89, 15.85, 21.54, 11.81818, 11
20.27, 19.89, 21.54, 29.29, 0.98558, 13
20.27, 19.89, 29.29, 39.81, 0.0, 7
20.27, 19.89, 39.81, 54.12, 0.0, 11
20.27, 19.89, 54.12, 73.56, 0.0, 1
20.27, 19.89, 73.56, 100.0, Nan,  0
20.65, 20.27, 2.51, 3.41, 8.25, 5
20.65, 20.27, 3.41, 4.64, 30.46875, 4
20.65, 20.27, 4.64, 6.31, 47.56944, 6
20.65, 20.27, 6.31, 8.58, 58.54167, 8
20.65, 20.27, 8.58, 11.66, 44.53125, 6
20.65, 20.27, 11.66, 15.85, 14.47917, 6
20.65, 20.27, 15.85, 21.54, 2.38095, 7
20.65, 20.27, 21.54, 29.29, 0.0, 4
20.65, 20.27, 29.29, 39.81, 0.0, 2
20.65, 20.27, 39.81, 54.12, 0.0, 5
20.65, 20.27, 54.12, 73.56, 0.0, 1
20.65, 20.27, 73.56, 100.0, Nan,  0
21.02, 20.65, 2.51, 3.41, 9.125, 5
21.02, 20.65, 3.41, 4.64, 18.97321, 7
21.02, 20.65, 4.64, 6.31, 31.25, 3
21.02, 20.65, 6.31, 8.58, 18.75, 10
21.02, 20.65, 8.58, 11.66, 17.1875, 6
21.02, 20.65, 11.66, 15.85, 0.0, 5
21.02, 20.65, 15.85, 21.54, 0.0, 8
21.02, 20.65, 21.54, 29.29, 0.0, 7
21.02, 20.65, 29.29, 39.81, 0.0, 3
21.02, 20.65, 39.81, 54.12, Nan,  0
21.02, 20.65, 54.12, 73.56, Nan,  0
21.02, 20.65, 73.56, 100.0, Nan,  0
21.4, 21.02, 2.51, 3.41, 10.83333, 1
21.4, 21.02, 3.41, 4.64, 8.33333, 3
21.4, 21.02, 4.64, 6.31, Nan,  0
21.4, 21.02, 6.31, 8.58, 17.5, 2
21.4, 21.02, 8.58, 11.66, 0.0, 1
21.4, 21.02, 11.66, 15.85, Nan,  0
21.4, 21.02, 15.85, 21.54, 0.0, 1
21.4, 21.02, 21.54, 29.29, 0.0, 1
21.4, 21.02, 29.29, 39.81, 0.0, 1
21.4, 21.02, 39.81, 54.12, Nan,  0
21.4, 21.02, 54.12, 73.56, Nan,  0
21.4, 21.02, 73.56, 100.0, Nan,  0
