#Column 1: lower magnitude range of bin in apparent g magnitude 
#Column 2: upper magnitude range of bin in apparent g magnitude 
#Column 3: lower effective magnitude range in arcseconds 
#Column 4: upper effective magnitude range in arcseconds 
#Column 5: Combined algorithm and visual inspection recovery fraction within this range in percentage from 0 to 100 
# A value of Nan means no artificial galaxies were injected for visual inspection within this bin 
#Column 6: Number of artificial galaxies injected for visual inspection within this bin 
l_mag, h_mag, l_e_r, h_e_r, eff_rd 
16.13, 15.75, 2.51, 3.41, 0.0, 1
16.13, 15.75, 3.41, 4.64, Nan,  0
16.13, 15.75, 4.64, 6.31, Nan,  0
16.13, 15.75, 6.31, 8.58, Nan,  0
16.13, 15.75, 8.58, 11.66, Nan,  0
16.13, 15.75, 11.66, 15.85, 16.19792, 6
16.13, 15.75, 15.85, 21.54, 24.21875, 4
16.13, 15.75, 21.54, 29.29, Nan,  0
16.13, 15.75, 29.29, 39.81, 97.91667, 1
16.13, 15.75, 39.81, 54.12, 32.77778, 3
16.13, 15.75, 54.12, 73.56, Nan,  0
16.13, 15.75, 73.56, 100.0, Nan,  0
16.5, 16.13, 2.51, 3.41, Nan,  0
16.5, 16.13, 3.41, 4.64, 0.0, 1
16.5, 16.13, 4.64, 6.31, Nan,  0
16.5, 16.13, 6.31, 8.58, 0.0, 1
16.5, 16.13, 8.58, 11.66, 0.0, 8
16.5, 16.13, 11.66, 15.85, 0.0, 7
16.5, 16.13, 15.85, 21.54, 48.75, 6
16.5, 16.13, 21.54, 29.29, 73.59375, 4
16.5, 16.13, 29.29, 39.81, 72.65625, 4
16.5, 16.13, 39.81, 54.12, 65.27778, 3
16.5, 16.13, 54.12, 73.56, 66.25, 3
16.5, 16.13, 73.56, 100.0, 19.75, 5
16.88, 16.5, 2.51, 3.41, 0.0, 2
16.88, 16.5, 3.41, 4.64, 0.0, 1
16.88, 16.5, 4.64, 6.31, Nan,  0
16.88, 16.5, 6.31, 8.58, 0.0, 4
16.88, 16.5, 8.58, 11.66, 0.0, 7
16.88, 16.5, 11.66, 15.85, 55.29762, 7
16.88, 16.5, 15.85, 21.54, 97.91667, 5
16.88, 16.5, 21.54, 29.29, 77.5, 5
16.88, 16.5, 29.29, 39.81, 98.33333, 5
16.88, 16.5, 39.81, 54.12, 77.66667, 5
16.88, 16.5, 54.12, 73.56, 49.21875, 4
16.88, 16.5, 73.56, 100.0, 0.0, 1
17.26, 16.88, 2.51, 3.41, 0.0, 1
17.26, 16.88, 3.41, 4.64, 0.0, 2
17.26, 16.88, 4.64, 6.31, 0.0, 1
17.26, 16.88, 6.31, 8.58, 0.0, 4
17.26, 16.88, 8.58, 11.66, 41.31696, 7
17.26, 16.88, 11.66, 15.85, 96.04167, 4
17.26, 16.88, 15.85, 21.54, 72.96875, 4
17.26, 16.88, 21.54, 29.29, 97.03125, 4
17.26, 16.88, 29.29, 39.81, 97.29167, 9
17.26, 16.88, 39.81, 54.12, 58.5, 5
17.26, 16.88, 54.12, 73.56, 48.28125, 6
17.26, 16.88, 73.56, 100.0, 0.0, 4
17.63, 17.26, 2.51, 3.41, 0.0, 3
17.63, 17.26, 3.41, 4.64, Nan,  0
17.63, 17.26, 4.64, 6.31, 0.0, 11
17.63, 17.26, 6.31, 8.58, 0.0, 6
17.63, 17.26, 8.58, 11.66, 31.97917, 6
17.63, 17.26, 11.66, 15.85, 72.8125, 4
17.63, 17.26, 15.85, 21.54, 65.625, 12
17.63, 17.26, 21.54, 29.29, 98.59375, 5
17.63, 17.26, 29.29, 39.81, 97.5, 5
17.63, 17.26, 39.81, 54.12, 23.85417, 8
17.63, 17.26, 54.12, 73.56, 13.57143, 7
17.63, 17.26, 73.56, 100.0, 0.0, 1
18.01, 17.63, 2.51, 3.41, 0.0, 8
18.01, 17.63, 3.41, 4.64, 0.0, 5
18.01, 17.63, 4.64, 6.31, 0.0, 6
18.01, 17.63, 6.31, 8.58, 31.97917, 6
18.01, 17.63, 8.58, 11.66, 48.35938, 8
18.01, 17.63, 11.66, 15.85, 96.35417, 5
18.01, 17.63, 15.85, 21.54, 96.5625, 9
18.01, 17.63, 21.54, 29.29, 87.46875, 10
18.01, 17.63, 29.29, 39.81, 48.75, 4
18.01, 17.63, 39.81, 54.12, 41.07143, 7
18.01, 17.63, 54.12, 73.56, 0.0, 2
18.01, 17.63, 73.56, 100.0, 0.0, 1
18.39, 18.01, 2.51, 3.41, 0.0, 3
18.39, 18.01, 3.41, 4.64, 0.0, 5
18.39, 18.01, 4.64, 6.31, 0.0, 5
18.39, 18.01, 6.31, 8.58, 47.60417, 8
18.39, 18.01, 8.58, 11.66, 58.5, 5
18.39, 18.01, 11.66, 15.85, 48.85417, 8
18.39, 18.01, 15.85, 21.54, 75.83333, 5
18.39, 18.01, 21.54, 29.29, 68.25, 10
18.39, 18.01, 29.29, 39.81, 31.80556, 6
18.39, 18.01, 39.81, 54.12, 10.13889, 9
18.39, 18.01, 54.12, 73.56, 0.0, 8
18.39, 18.01, 73.56, 100.0, 0.0, 5
18.76, 18.39, 2.51, 3.41, 0.0, 4
18.76, 18.39, 3.41, 4.64, 14.66146, 6
18.76, 18.39, 4.64, 6.31, 41.11607, 7
18.76, 18.39, 6.31, 8.58, 60.22135, 8
18.76, 18.39, 8.58, 11.66, 88.63636, 11
18.76, 18.39, 11.66, 15.85, 79.77431, 6
18.76, 18.39, 15.85, 21.54, 68.6756, 7
18.76, 18.39, 21.54, 29.29, 66.85096, 13
18.76, 18.39, 29.29, 39.81, 58.0, 5
18.76, 18.39, 39.81, 54.12, 0.0, 8
18.76, 18.39, 54.12, 73.56, 0.0, 4
18.76, 18.39, 73.56, 100.0, 0.0, 3
19.14, 18.76, 2.51, 3.41, 0.0, 3
19.14, 18.76, 3.41, 4.64, 0.0, 12
19.14, 18.76, 4.64, 6.31, 39.58333, 12
19.14, 18.76, 6.31, 8.58, 36.05469, 8
19.14, 18.76, 8.58, 11.66, 95.46875, 8
19.14, 18.76, 11.66, 15.85, 83.76302, 8
19.14, 18.76, 15.85, 21.54, 52.89352, 9
19.14, 18.76, 21.54, 29.29, 47.5, 8
19.14, 18.76, 29.29, 39.81, 16.875, 10
19.14, 18.76, 39.81, 54.12, 0.0, 5
19.14, 18.76, 54.12, 73.56, 0.0, 7
19.14, 18.76, 73.56, 100.0, Nan,  0
19.52, 19.14, 2.51, 3.41, 0.0, 5
19.52, 19.14, 3.41, 4.64, 7.64205, 11
19.52, 19.14, 4.64, 6.31, 51.85185, 9
19.52, 19.14, 6.31, 8.58, 53.32031, 16
19.52, 19.14, 8.58, 11.66, 75.74777, 14
19.52, 19.14, 11.66, 15.85, 96.25, 7
19.52, 19.14, 15.85, 21.54, 31.42361, 12
19.52, 19.14, 21.54, 29.29, 32.87109, 8
19.52, 19.14, 29.29, 39.81, 0.0, 8
19.52, 19.14, 39.81, 54.12, 0.0, 5
19.52, 19.14, 54.12, 73.56, 0.0, 5
19.52, 19.14, 73.56, 100.0, 0.0, 1
19.89, 19.52, 2.51, 3.41, 0.0, 7
19.89, 19.52, 3.41, 4.64, 7.61364, 11
19.89, 19.52, 4.64, 6.31, 58.00189, 11
19.89, 19.52, 6.31, 8.58, 62.63889, 6
19.89, 19.52, 8.58, 11.66, 80.66406, 8
19.89, 19.52, 11.66, 15.85, 42.99242, 11
19.89, 19.52, 15.85, 21.54, 10.72917, 8
19.89, 19.52, 21.54, 29.29, 0.0, 5
19.89, 19.52, 29.29, 39.81, 0.0, 9
19.89, 19.52, 39.81, 54.12, 0.0, 8
19.89, 19.52, 54.12, 73.56, 0.0, 5
19.89, 19.52, 73.56, 100.0, Nan,  0
20.27, 19.89, 2.51, 3.41, 11.5, 10
20.27, 19.89, 3.41, 4.64, 12.52604, 6
20.27, 19.89, 4.64, 6.31, 40.29356, 11
20.27, 19.89, 6.31, 8.58, 30.41667, 6
20.27, 19.89, 8.58, 11.66, 56.44531, 8
20.27, 19.89, 11.66, 15.85, 54.24107, 14
20.27, 19.89, 15.85, 21.54, 5.20833, 11
20.27, 19.89, 21.54, 29.29, 0.0, 13
20.27, 19.89, 29.29, 39.81, 0.0, 7
20.27, 19.89, 39.81, 54.12, 0.0, 11
20.27, 19.89, 54.12, 73.56, 0.0, 1
20.27, 19.89, 73.56, 100.0, Nan,  0
20.65, 20.27, 2.51, 3.41, 0.0, 5
20.65, 20.27, 3.41, 4.64, 0.0, 4
20.65, 20.27, 4.64, 6.31, 13.26389, 6
20.65, 20.27, 6.31, 8.58, 47.20052, 8
20.65, 20.27, 8.58, 11.66, 35.85938, 6
20.65, 20.27, 11.66, 15.85, 25.3125, 6
20.65, 20.27, 15.85, 21.54, 0.0, 7
20.65, 20.27, 21.54, 29.29, 0.0, 4
20.65, 20.27, 29.29, 39.81, 0.0, 2
20.65, 20.27, 39.81, 54.12, 0.0, 5
20.65, 20.27, 54.12, 73.56, 0.0, 1
20.65, 20.27, 73.56, 100.0, Nan,  0
21.02, 20.65, 2.51, 3.41, 0.0, 5
21.02, 20.65, 3.41, 4.64, 7.76786, 7
21.02, 20.65, 4.64, 6.31, 37.77778, 3
21.02, 20.65, 6.31, 8.58, 15.09375, 10
21.02, 20.65, 8.58, 11.66, 6.51042, 6
21.02, 20.65, 11.66, 15.85, 0.0, 5
21.02, 20.65, 15.85, 21.54, 0.0, 8
21.02, 20.65, 21.54, 29.29, 0.0, 7
21.02, 20.65, 29.29, 39.81, 0.0, 3
21.02, 20.65, 39.81, 54.12, Nan,  0
21.02, 20.65, 54.12, 73.56, Nan,  0
21.02, 20.65, 73.56, 100.0, Nan,  0
21.4, 21.02, 2.51, 3.41, 0.0, 1
21.4, 21.02, 3.41, 4.64, 9.84375, 3
21.4, 21.02, 4.64, 6.31, Nan,  0
21.4, 21.02, 6.31, 8.58, 11.77083, 2
21.4, 21.02, 8.58, 11.66, 0.0, 1
21.4, 21.02, 11.66, 15.85, Nan,  0
21.4, 21.02, 15.85, 21.54, 0.0, 1
21.4, 21.02, 21.54, 29.29, 0.0, 1
21.4, 21.02, 29.29, 39.81, 0.0, 1
21.4, 21.02, 39.81, 54.12, Nan,  0
21.4, 21.02, 54.12, 73.56, Nan,  0
21.4, 21.02, 73.56, 100.0, Nan,  0
