mag_low, mag_high, arc_down, arc_up, eff
16.12667, 15.75, 2.51189, 3.41455, 0.0
16.12667, 15.75, 3.41455, 4.64159, Nan 
16.12667, 15.75, 4.64159, 6.30957, Nan 
16.12667, 15.75, 6.30957, 8.57696, Nan 
16.12667, 15.75, 8.57696, 11.65914, Nan 
16.12667, 15.75, 11.65914, 15.84893, 15.97222
16.12667, 15.75, 15.84893, 21.54435, 24.375
16.12667, 15.75, 21.54435, 29.28645, Nan 
16.12667, 15.75, 29.28645, 39.81072, 96.18056
16.12667, 15.75, 39.81072, 54.11695, 32.63889
16.12667, 15.75, 54.11695, 73.56423, Nan 
16.12667, 15.75, 73.56423, 100.0, Nan 
16.50333, 16.12667, 2.51189, 3.41455, Nan 
16.50333, 16.12667, 3.41455, 4.64159, 0.0
16.50333, 16.12667, 4.64159, 6.30957, Nan 
16.50333, 16.12667, 6.30957, 8.57696, 0.0
16.50333, 16.12667, 8.57696, 11.65914, 0.0
16.50333, 16.12667, 11.65914, 15.84893, 0.0
16.50333, 16.12667, 15.84893, 21.54435, 48.19444
16.50333, 16.12667, 21.54435, 29.28645, 71.71875
16.50333, 16.12667, 29.28645, 39.81072, 73.69792
16.50333, 16.12667, 39.81072, 54.11695, 64.35185
16.50333, 16.12667, 54.11695, 73.56423, 63.19444
16.50333, 16.12667, 73.56423, 100.0, 19.86111
16.88, 16.50333, 2.51189, 3.41455, 0.0
16.88, 16.50333, 3.41455, 4.64159, 0.0
16.88, 16.50333, 4.64159, 6.30957, Nan 
16.88, 16.50333, 6.30957, 8.57696, 0.0
16.88, 16.50333, 8.57696, 11.65914, 0.0
16.88, 16.50333, 11.65914, 15.84893, 54.28571
16.88, 16.50333, 15.84893, 21.54435, 97.36111
16.88, 16.50333, 21.54435, 29.28645, 75.83333
16.88, 16.50333, 29.28645, 39.81072, 98.61111
16.88, 16.50333, 39.81072, 54.11695, 76.66667
16.88, 16.50333, 54.11695, 73.56423, 47.91667
16.88, 16.50333, 73.56423, 100.0, 0.0
17.25667, 16.88, 2.51189, 3.41455, 0.0
17.25667, 16.88, 3.41455, 4.64159, 0.0
17.25667, 16.88, 4.64159, 6.30957, Nan 
17.25667, 16.88, 6.30957, 8.57696, 0.0
17.25667, 16.88, 8.57696, 11.65914, 40.80357
17.25667, 16.88, 11.65914, 15.84893, 94.58333
17.25667, 16.88, 15.84893, 21.54435, 71.77083
17.25667, 16.88, 21.54435, 29.28645, 95.41667
17.25667, 16.88, 29.28645, 39.81072, 97.22222
17.25667, 16.88, 39.81072, 54.11695, 58.125
17.25667, 16.88, 54.11695, 73.56423, 49.47917
17.25667, 16.88, 73.56423, 100.0, 0.0
17.63333, 17.25667, 2.51189, 3.41455, 0.0
17.63333, 17.25667, 3.41455, 4.64159, 0.0
17.63333, 17.25667, 4.64159, 6.30957, 0.0
17.63333, 17.25667, 6.30957, 8.57696, 0.0
17.63333, 17.25667, 8.57696, 11.65914, 31.66667
17.63333, 17.25667, 11.65914, 15.84893, 69.79167
17.63333, 17.25667, 15.84893, 21.54435, 63.7963
17.63333, 17.25667, 21.54435, 29.28645, 96.25
17.63333, 17.25667, 29.28645, 39.81072, 96.52778
17.63333, 17.25667, 39.81072, 54.11695, 24.21875
17.63333, 17.25667, 54.11695, 73.56423, 13.16964
17.63333, 17.25667, 73.56423, 100.0, 0.0
18.01, 17.63333, 2.51189, 3.41455, 0.0
18.01, 17.63333, 3.41455, 4.64159, 0.0
18.01, 17.63333, 4.64159, 6.30957, 0.0
18.01, 17.63333, 6.30957, 8.57696, 31.2963
18.01, 17.63333, 8.57696, 11.65914, 46.25
18.01, 17.63333, 11.65914, 15.84893, 94.02778
18.01, 17.63333, 15.84893, 21.54435, 95.83333
18.01, 17.63333, 21.54435, 29.28645, 84.75
18.01, 17.63333, 29.28645, 39.81072, 48.09028
18.01, 17.63333, 39.81072, 54.11695, 40.47619
18.01, 17.63333, 54.11695, 73.56423, 0.0
18.01, 17.63333, 73.56423, 100.0, 0.0
18.38667, 18.01, 2.51189, 3.41455, 0.0
18.38667, 18.01, 3.41455, 4.64159, 0.0
18.38667, 18.01, 4.64159, 6.30957, 0.0
18.38667, 18.01, 6.30957, 8.57696, 46.52778
18.38667, 18.01, 8.57696, 11.65914, 55.75
18.38667, 18.01, 11.65914, 15.84893, 47.91667
18.38667, 18.01, 15.84893, 21.54435, 71.875
18.38667, 18.01, 21.54435, 29.28645, 67.375
18.38667, 18.01, 29.28645, 39.81072, 32.63889
18.38667, 18.01, 39.81072, 54.11695, 9.9537
18.38667, 18.01, 54.11695, 73.56423, 0.0
18.38667, 18.01, 73.56423, 100.0, 0.0
18.76333, 18.38667, 2.51189, 3.41455, 0.0
18.76333, 18.38667, 3.41455, 4.64159, 13.81944
18.76333, 18.38667, 4.64159, 6.30957, 39.34524
18.76333, 18.38667, 6.30957, 8.57696, 57.55208
18.76333, 18.38667, 8.57696, 11.65914, 85.22727
18.76333, 18.38667, 11.65914, 15.84893, 78.47222
18.76333, 18.38667, 15.84893, 21.54435, 70.52083
18.76333, 18.38667, 21.54435, 29.28645, 63.75
18.76333, 18.38667, 29.28645, 39.81072, 55.41667
18.76333, 18.38667, 39.81072, 54.11695, 0.0
18.76333, 18.38667, 54.11695, 73.56423, 0.0
18.76333, 18.38667, 73.56423, 100.0, 0.0
19.14, 18.76333, 2.51189, 3.41455, 0.0
19.14, 18.76333, 3.41455, 4.64159, 0.0
19.14, 18.76333, 4.64159, 6.30957, 36.80556
19.14, 18.76333, 6.30957, 8.57696, 34.6875
19.14, 18.76333, 8.57696, 11.65914, 93.75
19.14, 18.76333, 11.65914, 15.84893, 81.18056
19.14, 18.76333, 15.84893, 21.54435, 51.62037
19.14, 18.76333, 21.54435, 29.28645, 45.9375
19.14, 18.76333, 29.28645, 39.81072, 17.01389
19.14, 18.76333, 39.81072, 54.11695, 0.0
19.14, 18.76333, 54.11695, 73.56423, 0.0
19.14, 18.76333, 73.56423, 100.0, Nan 
19.51667, 19.14, 2.51189, 3.41455, 0.0
19.51667, 19.14, 3.41455, 4.64159, 7.67045
19.51667, 19.14, 4.64159, 6.30957, 49.6142
19.51667, 19.14, 6.30957, 8.57696, 50.85938
19.51667, 19.14, 8.57696, 11.65914, 76.68269
19.51667, 19.14, 11.65914, 15.84893, 91.66667
19.51667, 19.14, 15.84893, 21.54435, 30.64815
19.51667, 19.14, 21.54435, 29.28645, 31.40625
19.51667, 19.14, 29.28645, 39.81072, 0.0
19.51667, 19.14, 39.81072, 54.11695, 0.0
19.51667, 19.14, 54.11695, 73.56423, 0.0
19.51667, 19.14, 73.56423, 100.0, 0.0
19.89333, 19.51667, 2.51189, 3.41455, 0.0
19.89333, 19.51667, 3.41455, 4.64159, 6.79924
19.89333, 19.51667, 4.64159, 6.30957, 56.30051
19.89333, 19.51667, 6.30957, 8.57696, 58.42593
19.89333, 19.51667, 8.57696, 11.65914, 69.83796
19.89333, 19.51667, 11.65914, 15.84893, 43.75
19.89333, 19.51667, 15.84893, 21.54435, 10.06944
19.89333, 19.51667, 21.54435, 29.28645, 0.0
19.89333, 19.51667, 29.28645, 39.81072, 0.0
19.89333, 19.51667, 39.81072, 54.11695, 0.0
19.89333, 19.51667, 54.11695, 73.56423, 0.0
19.89333, 19.51667, 73.56423, 100.0, Nan 
20.27, 19.89333, 2.51189, 3.41455, 10.41667
20.27, 19.89333, 3.41455, 4.64159, 12.53472
20.27, 19.89333, 4.64159, 6.30957, 37.24747
20.27, 19.89333, 6.30957, 8.57696, 29.16667
20.27, 19.89333, 8.57696, 11.65914, 52.47396
20.27, 19.89333, 11.65914, 15.84893, 47.35043
20.27, 19.89333, 15.84893, 21.54435, 5.46717
20.27, 19.89333, 21.54435, 29.28645, 0.0
20.27, 19.89333, 29.28645, 39.81072, 0.0
20.27, 19.89333, 39.81072, 54.11695, 0.0
20.27, 19.89333, 54.11695, 73.56423, 0.0
20.27, 19.89333, 73.56423, 100.0, Nan 
20.64667, 20.27, 2.51189, 3.41455, 0.0
20.64667, 20.27, 3.41455, 4.64159, 0.0
20.64667, 20.27, 4.64159, 6.30957, 12.26852
20.64667, 20.27, 6.30957, 8.57696, 44.61806
20.64667, 20.27, 8.57696, 11.65914, 33.64583
20.64667, 20.27, 11.65914, 15.84893, 25.20833
20.64667, 20.27, 15.84893, 21.54435, 0.0
20.64667, 20.27, 21.54435, 29.28645, 0.0
20.64667, 20.27, 29.28645, 39.81072, 0.0
20.64667, 20.27, 39.81072, 54.11695, 0.0
20.64667, 20.27, 54.11695, 73.56423, 0.0
20.64667, 20.27, 73.56423, 100.0, Nan 
21.02333, 20.64667, 2.51189, 3.41455, 0.0
21.02333, 20.64667, 3.41455, 4.64159, 7.82738
21.02333, 20.64667, 4.64159, 6.30957, 38.24074
21.02333, 20.64667, 6.30957, 8.57696, 14.20833
21.02333, 20.64667, 8.57696, 11.65914, 6.04167
21.02333, 20.64667, 11.65914, 15.84893, 0.0
21.02333, 20.64667, 15.84893, 21.54435, 0.0
21.02333, 20.64667, 21.54435, 29.28645, 0.0
21.02333, 20.64667, 29.28645, 39.81072, 0.0
21.02333, 20.64667, 39.81072, 54.11695, Nan 
21.02333, 20.64667, 54.11695, 73.56423, Nan 
21.02333, 20.64667, 73.56423, 100.0, Nan 
21.4, 21.02333, 2.51189, 3.41455, 0.0
21.4, 21.02333, 3.41455, 4.64159, 11.80556
21.4, 21.02333, 4.64159, 6.30957, Nan 
21.4, 21.02333, 6.30957, 8.57696, 11.80556
21.4, 21.02333, 8.57696, 11.65914, 0.0
21.4, 21.02333, 11.65914, 15.84893, Nan 
21.4, 21.02333, 15.84893, 21.54435, Nan 
21.4, 21.02333, 21.54435, 29.28645, 0.0
21.4, 21.02333, 29.28645, 39.81072, 0.0
21.4, 21.02333, 39.81072, 54.11695, Nan 
21.4, 21.02333, 54.11695, 73.56423, Nan 
21.4, 21.02333, 73.56423, 100.0, Nan 
