mag_low, mag_high, arc_down, arc_up, eff
16.12667, 15.75, 2.51189, 3.41455, 0.0
16.12667, 15.75, 3.41455, 4.64159, Nan 
16.12667, 15.75, 4.64159, 6.30957, Nan 
16.12667, 15.75, 6.30957, 8.57696, Nan 
16.12667, 15.75, 8.57696, 11.65914, Nan 
16.12667, 15.75, 11.65914, 15.84893, 0.0
16.12667, 15.75, 15.84893, 21.54435, 0.0
16.12667, 15.75, 21.54435, 29.28645, Nan 
16.12667, 15.75, 29.28645, 39.81072, 0.0
16.12667, 15.75, 39.81072, 54.11695, 0.0
16.12667, 15.75, 54.11695, 73.56423, Nan 
16.12667, 15.75, 73.56423, 100.0, Nan 
16.50333, 16.12667, 2.51189, 3.41455, Nan 
16.50333, 16.12667, 3.41455, 4.64159, 0.0
16.50333, 16.12667, 4.64159, 6.30957, Nan 
16.50333, 16.12667, 6.30957, 8.57696, 0.0
16.50333, 16.12667, 8.57696, 11.65914, 0.0
16.50333, 16.12667, 11.65914, 15.84893, 0.0
16.50333, 16.12667, 15.84893, 21.54435, 47.15278
16.50333, 16.12667, 21.54435, 29.28645, 71.09375
16.50333, 16.12667, 29.28645, 39.81072, 72.65625
16.50333, 16.12667, 39.81072, 54.11695, 64.12037
16.50333, 16.12667, 54.11695, 73.56423, 64.58333
16.50333, 16.12667, 73.56423, 100.0, 19.58333
16.88, 16.50333, 2.51189, 3.41455, 0.0
16.88, 16.50333, 3.41455, 4.64159, 0.0
16.88, 16.50333, 4.64159, 6.30957, Nan 
16.88, 16.50333, 6.30957, 8.57696, 0.0
16.88, 16.50333, 8.57696, 11.65914, 0.0
16.88, 16.50333, 11.65914, 15.84893, 53.96825
16.88, 16.50333, 15.84893, 21.54435, 93.47222
16.88, 16.50333, 21.54435, 29.28645, 75.0
16.88, 16.50333, 29.28645, 39.81072, 95.83333
16.88, 16.50333, 39.81072, 54.11695, 77.5
16.88, 16.50333, 54.11695, 73.56423, 48.95833
16.88, 16.50333, 73.56423, 100.0, 0.0
17.25667, 16.88, 2.51189, 3.41455, 0.0
17.25667, 16.88, 3.41455, 4.64159, 0.0
17.25667, 16.88, 4.64159, 6.30957, Nan 
17.25667, 16.88, 6.30957, 8.57696, 0.0
17.25667, 16.88, 8.57696, 11.65914, 39.82143
17.25667, 16.88, 11.65914, 15.84893, 93.88889
17.25667, 16.88, 15.84893, 21.54435, 70.3125
17.25667, 16.88, 21.54435, 29.28645, 93.125
17.25667, 16.88, 29.28645, 39.81072, 96.875
17.25667, 16.88, 39.81072, 54.11695, 57.29167
17.25667, 16.88, 54.11695, 73.56423, 47.13542
17.25667, 16.88, 73.56423, 100.0, 0.0
17.63333, 17.25667, 2.51189, 3.41455, 0.0
17.63333, 17.25667, 3.41455, 4.64159, 0.0
17.63333, 17.25667, 4.64159, 6.30957, 0.0
17.63333, 17.25667, 6.30957, 8.57696, 0.0
17.63333, 17.25667, 8.57696, 11.65914, 31.18056
17.63333, 17.25667, 11.65914, 15.84893, 70.10417
17.63333, 17.25667, 15.84893, 21.54435, 63.14815
17.63333, 17.25667, 21.54435, 29.28645, 93.95833
17.63333, 17.25667, 29.28645, 39.81072, 95.13889
17.63333, 17.25667, 39.81072, 54.11695, 23.78472
17.63333, 17.25667, 54.11695, 73.56423, 13.76488
17.63333, 17.25667, 73.56423, 100.0, 0.0
18.01, 17.63333, 2.51189, 3.41455, 0.0
18.01, 17.63333, 3.41455, 4.64159, 0.0
18.01, 17.63333, 4.64159, 6.30957, 0.0
18.01, 17.63333, 6.30957, 8.57696, 30.92593
18.01, 17.63333, 8.57696, 11.65914, 45.9375
18.01, 17.63333, 11.65914, 15.84893, 91.80556
18.01, 17.63333, 15.84893, 21.54435, 93.61111
18.01, 17.63333, 21.54435, 29.28645, 84.5625
18.01, 17.63333, 29.28645, 39.81072, 47.74306
18.01, 17.63333, 39.81072, 54.11695, 39.58333
18.01, 17.63333, 54.11695, 73.56423, 0.0
18.01, 17.63333, 73.56423, 100.0, 0.0
18.38667, 18.01, 2.51189, 3.41455, 0.0
18.38667, 18.01, 3.41455, 4.64159, 0.0
18.38667, 18.01, 4.64159, 6.30957, 0.0
18.38667, 18.01, 6.30957, 8.57696, 46.80556
18.38667, 18.01, 8.57696, 11.65914, 56.25
18.38667, 18.01, 11.65914, 15.84893, 47.08333
18.38667, 18.01, 15.84893, 21.54435, 70.0
18.38667, 18.01, 21.54435, 29.28645, 65.91667
18.38667, 18.01, 29.28645, 39.81072, 32.63889
18.38667, 18.01, 39.81072, 54.11695, 10.10802
18.38667, 18.01, 54.11695, 73.56423, 0.0
18.38667, 18.01, 73.56423, 100.0, 0.0
18.76333, 18.38667, 2.51189, 3.41455, 0.0
18.76333, 18.38667, 3.41455, 4.64159, 15.24306
18.76333, 18.38667, 4.64159, 6.30957, 39.82143
18.76333, 18.38667, 6.30957, 8.57696, 58.33333
18.76333, 18.38667, 8.57696, 11.65914, 83.14394
18.76333, 18.38667, 11.65914, 15.84893, 78.35648
18.76333, 18.38667, 15.84893, 21.54435, 70.0
18.76333, 18.38667, 21.54435, 29.28645, 65.625
18.76333, 18.38667, 29.28645, 39.81072, 55.625
18.76333, 18.38667, 39.81072, 54.11695, 0.0
18.76333, 18.38667, 54.11695, 73.56423, 0.0
18.76333, 18.38667, 73.56423, 100.0, 0.0
19.14, 18.76333, 2.51189, 3.41455, 0.0
19.14, 18.76333, 3.41455, 4.64159, 0.0
19.14, 18.76333, 4.64159, 6.30957, 38.13657
19.14, 18.76333, 6.30957, 8.57696, 34.58333
19.14, 18.76333, 8.57696, 11.65914, 92.5
19.14, 18.76333, 11.65914, 15.84893, 80.69444
19.14, 18.76333, 15.84893, 21.54435, 51.31173
19.14, 18.76333, 21.54435, 29.28645, 45.9375
19.14, 18.76333, 29.28645, 39.81072, 17.29167
19.14, 18.76333, 39.81072, 54.11695, 0.0
19.14, 18.76333, 54.11695, 73.56423, 0.0
19.14, 18.76333, 73.56423, 100.0, Nan 
19.51667, 19.14, 2.51189, 3.41455, 0.0
19.51667, 19.14, 3.41455, 4.64159, 7.80303
19.51667, 19.14, 4.64159, 6.30957, 50.69444
19.51667, 19.14, 6.30957, 8.57696, 51.95312
19.51667, 19.14, 8.57696, 11.65914, 76.68269
19.51667, 19.14, 11.65914, 15.84893, 92.63889
19.51667, 19.14, 15.84893, 21.54435, 30.18519
19.51667, 19.14, 21.54435, 29.28645, 32.8125
19.51667, 19.14, 29.28645, 39.81072, 0.0
19.51667, 19.14, 39.81072, 54.11695, 0.0
19.51667, 19.14, 54.11695, 73.56423, 0.0
19.51667, 19.14, 73.56423, 100.0, 0.0
19.89333, 19.51667, 2.51189, 3.41455, 0.0
19.89333, 19.51667, 3.41455, 4.64159, 8.10606
19.89333, 19.51667, 4.64159, 6.30957, 57.62626
19.89333, 19.51667, 6.30957, 8.57696, 61.01852
19.89333, 19.51667, 8.57696, 11.65914, 69.18981
19.89333, 19.51667, 11.65914, 15.84893, 45.83333
19.89333, 19.51667, 15.84893, 21.54435, 10.22569
19.89333, 19.51667, 21.54435, 29.28645, 0.0
19.89333, 19.51667, 29.28645, 39.81072, 0.0
19.89333, 19.51667, 39.81072, 54.11695, 0.0
19.89333, 19.51667, 54.11695, 73.56423, 0.0
19.89333, 19.51667, 73.56423, 100.0, Nan 
20.27, 19.89333, 2.51189, 3.41455, 15.19444
20.27, 19.89333, 3.41455, 4.64159, 14.13194
20.27, 19.89333, 4.64159, 6.30957, 39.45707
20.27, 19.89333, 6.30957, 8.57696, 29.25926
20.27, 19.89333, 8.57696, 11.65914, 51.30208
20.27, 19.89333, 11.65914, 15.84893, 49.40171
20.27, 19.89333, 15.84893, 21.54435, 5.06313
20.27, 19.89333, 21.54435, 29.28645, 0.0
20.27, 19.89333, 29.28645, 39.81072, 0.0
20.27, 19.89333, 39.81072, 54.11695, 0.0
20.27, 19.89333, 54.11695, 73.56423, 0.0
20.27, 19.89333, 73.56423, 100.0, Nan 
20.64667, 20.27, 2.51189, 3.41455, 0.0
20.64667, 20.27, 3.41455, 4.64159, 0.0
20.64667, 20.27, 4.64159, 6.30957, 12.5
20.64667, 20.27, 6.30957, 8.57696, 44.09722
20.64667, 20.27, 8.57696, 11.65914, 34.16667
20.64667, 20.27, 11.65914, 15.84893, 23.125
20.64667, 20.27, 15.84893, 21.54435, 0.0
20.64667, 20.27, 21.54435, 29.28645, 0.0
20.64667, 20.27, 29.28645, 39.81072, 0.0
20.64667, 20.27, 39.81072, 54.11695, 0.0
20.64667, 20.27, 54.11695, 73.56423, 0.0
20.64667, 20.27, 73.56423, 100.0, Nan 
21.02333, 20.64667, 2.51189, 3.41455, 0.0
21.02333, 20.64667, 3.41455, 4.64159, 7.76786
21.02333, 20.64667, 4.64159, 6.30957, 36.2963
21.02333, 20.64667, 6.30957, 8.57696, 14.0
21.02333, 20.64667, 8.57696, 11.65914, 5.86806
21.02333, 20.64667, 11.65914, 15.84893, 0.0
21.02333, 20.64667, 15.84893, 21.54435, 0.0
21.02333, 20.64667, 21.54435, 29.28645, 0.0
21.02333, 20.64667, 29.28645, 39.81072, 0.0
21.02333, 20.64667, 39.81072, 54.11695, Nan 
21.02333, 20.64667, 54.11695, 73.56423, Nan 
21.02333, 20.64667, 73.56423, 100.0, Nan 
21.4, 21.02333, 2.51189, 3.41455, 0.0
21.4, 21.02333, 3.41455, 4.64159, 9.23611
21.4, 21.02333, 4.64159, 6.30957, Nan 
21.4, 21.02333, 6.30957, 8.57696, 10.76389
21.4, 21.02333, 8.57696, 11.65914, 0.0
21.4, 21.02333, 11.65914, 15.84893, Nan 
21.4, 21.02333, 15.84893, 21.54435, Nan 
21.4, 21.02333, 21.54435, 29.28645, 0.0
21.4, 21.02333, 29.28645, 39.81072, 0.0
21.4, 21.02333, 39.81072, 54.11695, Nan 
21.4, 21.02333, 54.11695, 73.56423, Nan 
21.4, 21.02333, 73.56423, 100.0, Nan 
