mag_low, mag_high, arc_down, arc_up, eff
16.12667, 15.75, 2.51189, 3.41455, 0.0
16.12667, 15.75, 3.41455, 4.64159, Nan 
16.12667, 15.75, 4.64159, 6.30957, Nan 
16.12667, 15.75, 6.30957, 8.57696, Nan 
16.12667, 15.75, 8.57696, 11.65914, Nan 
16.12667, 15.75, 11.65914, 15.84893, 15.60764
16.12667, 15.75, 15.84893, 21.54435, 23.54167
16.12667, 15.75, 21.54435, 29.28645, Nan 
16.12667, 15.75, 29.28645, 39.81072, 93.54167
16.12667, 15.75, 39.81072, 54.11695, 31.73611
16.12667, 15.75, 54.11695, 73.56423, Nan 
16.12667, 15.75, 73.56423, 100.0, Nan 
16.50333, 16.12667, 2.51189, 3.41455, Nan 
16.50333, 16.12667, 3.41455, 4.64159, 0.0
16.50333, 16.12667, 4.64159, 6.30957, Nan 
16.50333, 16.12667, 6.30957, 8.57696, 0.0
16.50333, 16.12667, 8.57696, 11.65914, 0.0
16.50333, 16.12667, 11.65914, 15.84893, 0.0
16.50333, 16.12667, 15.84893, 21.54435, 47.8125
16.50333, 16.12667, 21.54435, 29.28645, 71.60156
16.50333, 16.12667, 29.28645, 39.81072, 71.25
16.50333, 16.12667, 39.81072, 54.11695, 64.16667
16.50333, 16.12667, 54.11695, 73.56423, 63.75
16.50333, 16.12667, 73.56423, 100.0, 18.91667
16.88, 16.50333, 2.51189, 3.41455, 0.0
16.88, 16.50333, 3.41455, 4.64159, 0.0
16.88, 16.50333, 4.64159, 6.30957, Nan 
16.88, 16.50333, 6.30957, 8.57696, 0.0
16.88, 16.50333, 8.57696, 11.65914, 0.0
16.88, 16.50333, 11.65914, 15.84893, 54.22619
16.88, 16.50333, 15.84893, 21.54435, 93.85417
16.88, 16.50333, 21.54435, 29.28645, 75.625
16.88, 16.50333, 29.28645, 39.81072, 95.41667
16.88, 16.50333, 39.81072, 54.11695, 75.0
16.88, 16.50333, 54.11695, 73.56423, 47.03125
16.88, 16.50333, 73.56423, 100.0, 0.0
17.25667, 16.88, 2.51189, 3.41455, 0.0
17.25667, 16.88, 3.41455, 4.64159, 0.0
17.25667, 16.88, 4.64159, 6.30957, Nan 
17.25667, 16.88, 6.30957, 8.57696, 0.0
17.25667, 16.88, 8.57696, 11.65914, 39.91071
17.25667, 16.88, 11.65914, 15.84893, 94.375
17.25667, 16.88, 15.84893, 21.54435, 70.9375
17.25667, 16.88, 21.54435, 29.28645, 92.96875
17.25667, 16.88, 29.28645, 39.81072, 94.16667
17.25667, 16.88, 39.81072, 54.11695, 56.5
17.25667, 16.88, 54.11695, 73.56423, 47.03125
17.25667, 16.88, 73.56423, 100.0, 0.0
17.63333, 17.25667, 2.51189, 3.41455, 0.0
17.63333, 17.25667, 3.41455, 4.64159, 0.0
17.63333, 17.25667, 4.64159, 6.30957, 0.0
17.63333, 17.25667, 6.30957, 8.57696, 0.0
17.63333, 17.25667, 8.57696, 11.65914, 31.40625
17.63333, 17.25667, 11.65914, 15.84893, 71.01562
17.63333, 17.25667, 15.84893, 21.54435, 62.84722
17.63333, 17.25667, 21.54435, 29.28645, 94.21875
17.63333, 17.25667, 29.28645, 39.81072, 95.83333
17.63333, 17.25667, 39.81072, 54.11695, 23.54167
17.63333, 17.25667, 54.11695, 73.56423, 13.16964
17.63333, 17.25667, 73.56423, 100.0, 0.0
18.01, 17.63333, 2.51189, 3.41455, 0.0
18.01, 17.63333, 3.41455, 4.64159, 0.0
18.01, 17.63333, 4.64159, 6.30957, 0.0
18.01, 17.63333, 6.30957, 8.57696, 30.79861
18.01, 17.63333, 8.57696, 11.65914, 46.64062
18.01, 17.63333, 11.65914, 15.84893, 93.64583
18.01, 17.63333, 15.84893, 21.54435, 93.75
18.01, 17.63333, 21.54435, 29.28645, 83.95312
18.01, 17.63333, 29.28645, 39.81072, 47.60417
18.01, 17.63333, 39.81072, 54.11695, 39.46429
18.01, 17.63333, 54.11695, 73.56423, 0.0
18.01, 17.63333, 73.56423, 100.0, 0.0
18.38667, 18.01, 2.51189, 3.41455, 0.0
18.38667, 18.01, 3.41455, 4.64159, 0.0
18.38667, 18.01, 4.64159, 6.30957, 0.0
18.38667, 18.01, 6.30957, 8.57696, 45.83333
18.38667, 18.01, 8.57696, 11.65914, 57.1875
18.38667, 18.01, 11.65914, 15.84893, 47.1875
18.38667, 18.01, 15.84893, 21.54435, 70.625
18.38667, 18.01, 21.54435, 29.28645, 66.71875
18.38667, 18.01, 29.28645, 39.81072, 31.66667
18.38667, 18.01, 39.81072, 54.11695, 10.0
18.38667, 18.01, 54.11695, 73.56423, 0.0
18.38667, 18.01, 73.56423, 100.0, 0.0
18.76333, 18.38667, 2.51189, 3.41455, 0.0
18.76333, 18.38667, 3.41455, 4.64159, 14.14062
18.76333, 18.38667, 4.64159, 6.30957, 39.6875
18.76333, 18.38667, 6.30957, 8.57696, 57.16146
18.76333, 18.38667, 8.57696, 11.65914, 83.94886
18.76333, 18.38667, 11.65914, 15.84893, 77.69097
18.76333, 18.38667, 15.84893, 21.54435, 70.54688
18.76333, 18.38667, 21.54435, 29.28645, 64.79567
18.76333, 18.38667, 29.28645, 39.81072, 54.5
18.76333, 18.38667, 39.81072, 54.11695, 0.0
18.76333, 18.38667, 54.11695, 73.56423, 0.0
18.76333, 18.38667, 73.56423, 100.0, 0.0
19.14, 18.76333, 2.51189, 3.41455, 0.0
19.14, 18.76333, 3.41455, 4.64159, 0.0
19.14, 18.76333, 4.64159, 6.30957, 37.93403
19.14, 18.76333, 6.30957, 8.57696, 34.60938
19.14, 18.76333, 8.57696, 11.65914, 92.8125
19.14, 18.76333, 11.65914, 15.84893, 80.57292
19.14, 18.76333, 15.84893, 21.54435, 52.31481
19.14, 18.76333, 21.54435, 29.28645, 46.71875
19.14, 18.76333, 29.28645, 39.81072, 18.0
19.14, 18.76333, 39.81072, 54.11695, 0.0
19.14, 18.76333, 54.11695, 73.56423, 0.0
19.14, 18.76333, 73.56423, 100.0, Nan 
19.51667, 19.14, 2.51189, 3.41455, 0.0
19.51667, 19.14, 3.41455, 4.64159, 7.69886
19.51667, 19.14, 4.64159, 6.30957, 50.69444
19.51667, 19.14, 6.30957, 8.57696, 52.91016
19.51667, 19.14, 8.57696, 11.65914, 78.53365
19.51667, 19.14, 11.65914, 15.84893, 92.1875
19.51667, 19.14, 15.84893, 21.54435, 30.9375
19.51667, 19.14, 21.54435, 29.28645, 33.80859
19.51667, 19.14, 29.28645, 39.81072, 0.0
19.51667, 19.14, 39.81072, 54.11695, 0.0
19.51667, 19.14, 54.11695, 73.56423, 0.0
19.51667, 19.14, 73.56423, 100.0, 0.0
19.89333, 19.51667, 2.51189, 3.41455, 0.0
19.89333, 19.51667, 3.41455, 4.64159, 7.27273
19.89333, 19.51667, 4.64159, 6.30957, 58.59848
19.89333, 19.51667, 6.30957, 8.57696, 61.11111
19.89333, 19.51667, 8.57696, 11.65914, 71.21528
19.89333, 19.51667, 11.65914, 15.84893, 45.88542
19.89333, 19.51667, 15.84893, 21.54435, 10.98958
19.89333, 19.51667, 21.54435, 29.28645, 0.0
19.89333, 19.51667, 29.28645, 39.81072, 0.0
19.89333, 19.51667, 39.81072, 54.11695, 0.0
19.89333, 19.51667, 54.11695, 73.56423, 0.0
19.89333, 19.51667, 73.56423, 100.0, Nan 
20.27, 19.89333, 2.51189, 3.41455, 10.97917
20.27, 19.89333, 3.41455, 4.64159, 13.59375
20.27, 19.89333, 4.64159, 6.30957, 39.25189
20.27, 19.89333, 6.30957, 8.57696, 30.0
20.27, 19.89333, 8.57696, 11.65914, 57.51953
20.27, 19.89333, 11.65914, 15.84893, 52.37179
20.27, 19.89333, 15.84893, 21.54435, 6.49621
20.27, 19.89333, 21.54435, 29.28645, 0.0
20.27, 19.89333, 29.28645, 39.81072, 0.0
20.27, 19.89333, 39.81072, 54.11695, 0.0
20.27, 19.89333, 54.11695, 73.56423, 0.0
20.27, 19.89333, 73.56423, 100.0, Nan 
20.64667, 20.27, 2.51189, 3.41455, 0.0
20.64667, 20.27, 3.41455, 4.64159, 0.0
20.64667, 20.27, 4.64159, 6.30957, 13.00347
20.64667, 20.27, 6.30957, 8.57696, 50.97656
20.64667, 20.27, 8.57696, 11.65914, 37.73438
20.64667, 20.27, 11.65914, 15.84893, 31.04167
20.64667, 20.27, 15.84893, 21.54435, 0.0
20.64667, 20.27, 21.54435, 29.28645, 0.0
20.64667, 20.27, 29.28645, 39.81072, 0.0
20.64667, 20.27, 39.81072, 54.11695, 0.0
20.64667, 20.27, 54.11695, 73.56423, 0.0
20.64667, 20.27, 73.56423, 100.0, Nan 
21.02333, 20.64667, 2.51189, 3.41455, 0.0
21.02333, 20.64667, 3.41455, 4.64159, 8.50446
21.02333, 20.64667, 4.64159, 6.30957, 43.95833
21.02333, 20.64667, 6.30957, 8.57696, 18.0
21.02333, 20.64667, 8.57696, 11.65914, 7.68229
21.02333, 20.64667, 11.65914, 15.84893, 0.0
21.02333, 20.64667, 15.84893, 21.54435, 0.0
21.02333, 20.64667, 21.54435, 29.28645, 0.0
21.02333, 20.64667, 29.28645, 39.81072, 0.0
21.02333, 20.64667, 39.81072, 54.11695, Nan 
21.02333, 20.64667, 54.11695, 73.56423, Nan 
21.02333, 20.64667, 73.56423, 100.0, Nan 
21.4, 21.02333, 2.51189, 3.41455, 0.0
21.4, 21.02333, 3.41455, 4.64159, 12.29167
21.4, 21.02333, 4.64159, 6.30957, Nan 
21.4, 21.02333, 6.30957, 8.57696, 16.25
21.4, 21.02333, 8.57696, 11.65914, 0.0
21.4, 21.02333, 11.65914, 15.84893, Nan 
21.4, 21.02333, 15.84893, 21.54435, Nan 
21.4, 21.02333, 21.54435, 29.28645, 0.0
21.4, 21.02333, 29.28645, 39.81072, 0.0
21.4, 21.02333, 39.81072, 54.11695, Nan 
21.4, 21.02333, 54.11695, 73.56423, Nan 
21.4, 21.02333, 73.56423, 100.0, Nan 
