#Column 1: lower magnitude range of bin in apparent g magnitude 
#Column 2: upper magnitude range of bin in apparent g magnitude 
#Column 3: lower effective magnitude range in arcseconds 
#Column 4: upper effective magnitude range in arcseconds 
#Column 5: Combined algorithm and visual inspection recovery fraction within this range in percentage from 0 to 100 
# A value of Nan means no artificial galaxies were injected for visual inspection within this bin 
#Column 6: Number of artificial galaxies injected for visual inspection within this bin 
l_mag, h_mag, l_e_r, h_e_r, eff_rd 
16.13, 15.75, 2.51, 3.41, 0.0, 1
16.13, 15.75, 3.41, 4.64, Nan,  0
16.13, 15.75, 4.64, 6.31, Nan,  0
16.13, 15.75, 6.31, 8.58, Nan,  0
16.13, 15.75, 8.58, 11.66, Nan,  0
16.13, 15.75, 11.66, 15.85, 16.15741, 6
16.13, 15.75, 15.85, 21.54, 23.81944, 4
16.13, 15.75, 21.54, 29.29, Nan,  0
16.13, 15.75, 29.29, 39.81, 96.52778, 1
16.13, 15.75, 39.81, 54.12, 32.40741, 3
16.13, 15.75, 54.12, 73.56, Nan,  0
16.13, 15.75, 73.56, 100.0, Nan,  0
16.5, 16.13, 2.51, 3.41, Nan,  0
16.5, 16.13, 3.41, 4.64, 0.0, 1
16.5, 16.13, 4.64, 6.31, Nan,  0
16.5, 16.13, 6.31, 8.58, 0.0, 1
16.5, 16.13, 8.58, 11.66, 0.0, 8
16.5, 16.13, 11.66, 15.85, 0.0, 7
16.5, 16.13, 15.85, 21.54, 48.05556, 6
16.5, 16.13, 21.54, 29.29, 72.8125, 4
16.5, 16.13, 29.29, 39.81, 72.13542, 4
16.5, 16.13, 39.81, 54.12, 65.50926, 3
16.5, 16.13, 54.12, 73.56, 65.97222, 3
16.5, 16.13, 73.56, 100.0, 19.72222, 5
16.88, 16.5, 2.51, 3.41, 0.0, 2
16.88, 16.5, 3.41, 4.64, 0.0, 1
16.88, 16.5, 4.64, 6.31, Nan,  0
16.88, 16.5, 6.31, 8.58, 0.0, 4
16.88, 16.5, 8.58, 11.66, 0.0, 7
16.88, 16.5, 11.66, 15.85, 54.68254, 7
16.88, 16.5, 15.85, 21.54, 97.08333, 5
16.88, 16.5, 21.54, 29.29, 75.5, 5
16.88, 16.5, 29.29, 39.81, 97.56944, 5
16.88, 16.5, 39.81, 54.12, 76.66667, 5
16.88, 16.5, 54.12, 73.56, 47.91667, 4
16.88, 16.5, 73.56, 100.0, 0.0, 1
17.26, 16.88, 2.51, 3.41, 0.0, 1
17.26, 16.88, 3.41, 4.64, 0.0, 2
17.26, 16.88, 4.64, 6.31, 0.0, 1
17.26, 16.88, 6.31, 8.58, 0.0, 4
17.26, 16.88, 8.58, 11.66, 41.42857, 7
17.26, 16.88, 11.66, 15.85, 95.97222, 4
17.26, 16.88, 15.85, 21.54, 71.77083, 4
17.26, 16.88, 21.54, 29.29, 96.45833, 4
17.26, 16.88, 29.29, 39.81, 97.91667, 9
17.26, 16.88, 39.81, 54.12, 58.125, 5
17.26, 16.88, 54.12, 73.56, 48.4375, 6
17.26, 16.88, 73.56, 100.0, 0.0, 4
17.63, 17.26, 2.51, 3.41, 0.0, 3
17.63, 17.26, 3.41, 4.64, Nan,  0
17.63, 17.26, 4.64, 6.31, 0.0, 11
17.63, 17.26, 6.31, 8.58, 0.0, 6
17.63, 17.26, 8.58, 11.66, 32.22222, 6
17.63, 17.26, 11.66, 15.85, 72.29167, 4
17.63, 17.26, 15.85, 21.54, 64.44444, 12
17.63, 17.26, 21.54, 29.29, 96.875, 5
17.63, 17.26, 29.29, 39.81, 96.18056, 5
17.63, 17.26, 39.81, 54.12, 24.21875, 8
17.63, 17.26, 54.12, 73.56, 13.9881, 7
17.63, 17.26, 73.56, 100.0, 0.0, 1
18.01, 17.63, 2.51, 3.41, 0.0, 8
18.01, 17.63, 3.41, 4.64, 0.0, 5
18.01, 17.63, 4.64, 6.31, 0.0, 6
18.01, 17.63, 6.31, 8.58, 31.80556, 6
18.01, 17.63, 8.58, 11.66, 47.8125, 8
18.01, 17.63, 11.66, 15.85, 95.83333, 5
18.01, 17.63, 15.85, 21.54, 96.11111, 9
18.01, 17.63, 21.54, 29.29, 85.125, 10
18.01, 17.63, 29.29, 39.81, 47.91667, 4
18.01, 17.63, 39.81, 54.12, 40.92262, 7
18.01, 17.63, 54.12, 73.56, 0.0, 2
18.01, 17.63, 73.56, 100.0, 0.0, 1
18.39, 18.01, 2.51, 3.41, 0.0, 3
18.39, 18.01, 3.41, 4.64, 0.0, 5
18.39, 18.01, 4.64, 6.31, 0.0, 5
18.39, 18.01, 6.31, 8.58, 48.05556, 8
18.39, 18.01, 8.58, 11.66, 58.25, 5
18.39, 18.01, 11.66, 15.85, 48.19444, 8
18.39, 18.01, 15.85, 21.54, 77.33333, 5
18.39, 18.01, 21.54, 29.29, 66.5, 10
18.39, 18.01, 29.29, 39.81, 32.63889, 6
18.39, 18.01, 39.81, 54.12, 10.49383, 9
18.39, 18.01, 54.12, 73.56, 0.0, 8
18.39, 18.01, 73.56, 100.0, 0.0, 5
18.76, 18.39, 2.51, 3.41, 0.0, 4
18.76, 18.39, 3.41, 4.64, 14.89583, 6
18.76, 18.39, 4.64, 6.31, 40.47619, 7
18.76, 18.39, 6.31, 8.58, 58.68056, 8
18.76, 18.39, 8.58, 11.66, 86.17424, 11
18.76, 18.39, 11.66, 15.85, 80.20833, 6
18.76, 18.39, 15.85, 21.54, 68.25397, 7
18.76, 18.39, 21.54, 29.29, 65.91346, 13
18.76, 18.39, 29.29, 39.81, 57.5, 5
18.76, 18.39, 39.81, 54.12, 0.0, 8
18.76, 18.39, 54.12, 73.56, 0.0, 4
18.76, 18.39, 73.56, 100.0, 0.0, 3
19.14, 18.76, 2.51, 3.41, 0.0, 3
19.14, 18.76, 3.41, 4.64, 0.0, 12
19.14, 18.76, 4.64, 6.31, 38.77315, 12
19.14, 18.76, 6.31, 8.58, 35.46875, 8
19.14, 18.76, 8.58, 11.66, 97.29167, 8
19.14, 18.76, 11.66, 15.85, 83.61111, 8
19.14, 18.76, 15.85, 21.54, 53.00926, 9
19.14, 18.76, 21.54, 29.29, 47.1875, 8
19.14, 18.76, 29.29, 39.81, 17.63889, 10
19.14, 18.76, 39.81, 54.12, 0.0, 5
19.14, 18.76, 54.12, 73.56, 0.0, 7
19.14, 18.76, 73.56, 100.0, Nan,  0
19.52, 19.14, 2.51, 3.41, 0.0, 5
19.52, 19.14, 3.41, 4.64, 8.0303, 11
19.52, 19.14, 4.64, 6.31, 52.31481, 9
19.52, 19.14, 6.31, 8.58, 53.35938, 16
19.52, 19.14, 8.58, 11.66, 75.78869, 14
19.52, 19.14, 11.66, 15.85, 94.16667, 7
19.52, 19.14, 15.85, 21.54, 31.80556, 12
19.52, 19.14, 21.54, 29.29, 33.75, 8
19.52, 19.14, 29.29, 39.81, 0.0, 8
19.52, 19.14, 39.81, 54.12, 0.0, 5
19.52, 19.14, 54.12, 73.56, 0.0, 5
19.52, 19.14, 73.56, 100.0, 0.0, 1
19.89, 19.52, 2.51, 3.41, 0.0, 7
19.89, 19.52, 3.41, 4.64, 7.80303, 11
19.89, 19.52, 4.64, 6.31, 58.59848, 11
19.89, 19.52, 6.31, 8.58, 62.68519, 6
19.89, 19.52, 8.58, 11.66, 83.48958, 8
19.89, 19.52, 11.66, 15.85, 43.18182, 11
19.89, 19.52, 15.85, 21.54, 10.92014, 8
19.89, 19.52, 21.54, 29.29, 0.0, 5
19.89, 19.52, 29.29, 39.81, 0.0, 9
19.89, 19.52, 39.81, 54.12, 0.0, 8
19.89, 19.52, 54.12, 73.56, 0.0, 5
19.89, 19.52, 73.56, 100.0, Nan,  0
20.27, 19.89, 2.51, 3.41, 11.72222, 10
20.27, 19.89, 3.41, 4.64, 13.54167, 6
20.27, 19.89, 4.64, 6.31, 41.03535, 11
20.27, 19.89, 6.31, 8.58, 30.60185, 6
20.27, 19.89, 8.58, 11.66, 57.16146, 8
20.27, 19.89, 11.66, 15.85, 54.91071, 14
20.27, 19.89, 15.85, 21.54, 5.63131, 11
20.27, 19.89, 21.54, 29.29, 0.0, 13
20.27, 19.89, 29.29, 39.81, 0.0, 7
20.27, 19.89, 39.81, 54.12, 0.0, 11
20.27, 19.89, 54.12, 73.56, 0.0, 1
20.27, 19.89, 73.56, 100.0, Nan,  0
20.65, 20.27, 2.51, 3.41, 0.0, 5
20.65, 20.27, 3.41, 4.64, 0.0, 4
20.65, 20.27, 4.64, 6.31, 13.47222, 6
20.65, 20.27, 6.31, 8.58, 50.0, 8
20.65, 20.27, 8.58, 11.66, 36.97917, 6
20.65, 20.27, 11.66, 15.85, 29.58333, 6
20.65, 20.27, 15.85, 21.54, 0.0, 7
20.65, 20.27, 21.54, 29.29, 0.0, 4
20.65, 20.27, 29.29, 39.81, 0.0, 2
20.65, 20.27, 39.81, 54.12, 0.0, 5
20.65, 20.27, 54.12, 73.56, 0.0, 1
20.65, 20.27, 73.56, 100.0, Nan,  0
21.02, 20.65, 2.51, 3.41, 0.0, 5
21.02, 20.65, 3.41, 4.64, 9.07738, 7
21.02, 20.65, 4.64, 6.31, 42.31481, 3
21.02, 20.65, 6.31, 8.58, 16.16667, 10
21.02, 20.65, 8.58, 11.66, 7.29167, 6
21.02, 20.65, 11.66, 15.85, 0.0, 5
21.02, 20.65, 15.85, 21.54, 0.0, 8
21.02, 20.65, 21.54, 29.29, 0.0, 7
21.02, 20.65, 29.29, 39.81, 0.0, 3
21.02, 20.65, 39.81, 54.12, Nan,  0
21.02, 20.65, 54.12, 73.56, Nan,  0
21.02, 20.65, 73.56, 100.0, Nan,  0
21.4, 21.02, 2.51, 3.41, 0.0, 1
21.4, 21.02, 3.41, 4.64, 10.41667, 3
21.4, 21.02, 4.64, 6.31, Nan,  0
21.4, 21.02, 6.31, 8.58, 12.22222, 2
21.4, 21.02, 8.58, 11.66, 0.0, 1
21.4, 21.02, 11.66, 15.85, Nan,  0
21.4, 21.02, 15.85, 21.54, 0.0, 1
21.4, 21.02, 21.54, 29.29, 0.0, 1
21.4, 21.02, 29.29, 39.81, 0.0, 1
21.4, 21.02, 39.81, 54.12, Nan,  0
21.4, 21.02, 54.12, 73.56, Nan,  0
21.4, 21.02, 73.56, 100.0, Nan,  0
