mag_low, mag_high, arc_down, arc_up, eff
16.12667, 15.75, 2.51189, 3.41455, 0.0
16.12667, 15.75, 3.41455, 4.64159, Nan 
16.12667, 15.75, 4.64159, 6.30957, Nan 
16.12667, 15.75, 6.30957, 8.57696, Nan 
16.12667, 15.75, 8.57696, 11.65914, Nan 
16.12667, 15.75, 11.65914, 15.84893, 0.0
16.12667, 15.75, 15.84893, 21.54435, 0.0
16.12667, 15.75, 21.54435, 29.28645, Nan 
16.12667, 15.75, 29.28645, 39.81072, 0.0
16.12667, 15.75, 39.81072, 54.11695, 0.0
16.12667, 15.75, 54.11695, 73.56423, Nan 
16.12667, 15.75, 73.56423, 100.0, Nan 
16.50333, 16.12667, 2.51189, 3.41455, Nan 
16.50333, 16.12667, 3.41455, 4.64159, 0.0
16.50333, 16.12667, 4.64159, 6.30957, Nan 
16.50333, 16.12667, 6.30957, 8.57696, 0.0
16.50333, 16.12667, 8.57696, 11.65914, 0.0
16.50333, 16.12667, 11.65914, 15.84893, 0.0
16.50333, 16.12667, 15.84893, 21.54435, 48.95833
16.50333, 16.12667, 21.54435, 29.28645, 74.0625
16.50333, 16.12667, 29.28645, 39.81072, 73.125
16.50333, 16.12667, 39.81072, 54.11695, 66.11111
16.50333, 16.12667, 54.11695, 73.56423, 66.66667
16.50333, 16.12667, 73.56423, 100.0, 19.33333
16.88, 16.50333, 2.51189, 3.41455, 0.0
16.88, 16.50333, 3.41455, 4.64159, 0.0
16.88, 16.50333, 4.64159, 6.30957, Nan 
16.88, 16.50333, 6.30957, 8.57696, 0.0
16.88, 16.50333, 8.57696, 11.65914, 0.0
16.88, 16.50333, 11.65914, 15.84893, 55.71429
16.88, 16.50333, 15.84893, 21.54435, 98.75
16.88, 16.50333, 21.54435, 29.28645, 78.25
16.88, 16.50333, 29.28645, 39.81072, 99.16667
16.88, 16.50333, 39.81072, 54.11695, 77.66667
16.88, 16.50333, 54.11695, 73.56423, 48.4375
16.88, 16.50333, 73.56423, 100.0, 0.0
17.25667, 16.88, 2.51189, 3.41455, 0.0
17.25667, 16.88, 3.41455, 4.64159, 0.0
17.25667, 16.88, 4.64159, 6.30957, Nan 
17.25667, 16.88, 6.30957, 8.57696, 0.0
17.25667, 16.88, 8.57696, 11.65914, 41.78571
17.25667, 16.88, 11.65914, 15.84893, 98.125
17.25667, 16.88, 15.84893, 21.54435, 73.90625
17.25667, 16.88, 21.54435, 29.28645, 98.75
17.25667, 16.88, 29.28645, 39.81072, 98.75
17.25667, 16.88, 39.81072, 54.11695, 59.5
17.25667, 16.88, 54.11695, 73.56423, 49.375
17.25667, 16.88, 73.56423, 100.0, 0.0
17.63333, 17.25667, 2.51189, 3.41455, 0.0
17.63333, 17.25667, 3.41455, 4.64159, 0.0
17.63333, 17.25667, 4.64159, 6.30957, 0.0
17.63333, 17.25667, 6.30957, 8.57696, 0.0
17.63333, 17.25667, 8.57696, 11.65914, 31.875
17.63333, 17.25667, 11.65914, 15.84893, 72.5
17.63333, 17.25667, 15.84893, 21.54435, 65.0
17.63333, 17.25667, 21.54435, 29.28645, 98.75
17.63333, 17.25667, 29.28645, 39.81072, 98.75
17.63333, 17.25667, 39.81072, 54.11695, 24.79167
17.63333, 17.25667, 54.11695, 73.56423, 14.01786
17.63333, 17.25667, 73.56423, 100.0, 0.0
18.01, 17.63333, 2.51189, 3.41455, 0.0
18.01, 17.63333, 3.41455, 4.64159, 0.0
18.01, 17.63333, 4.64159, 6.30957, 0.0
18.01, 17.63333, 6.30957, 8.57696, 32.36111
18.01, 17.63333, 8.57696, 11.65914, 48.4375
18.01, 17.63333, 11.65914, 15.84893, 96.45833
18.01, 17.63333, 15.84893, 21.54435, 96.875
18.01, 17.63333, 21.54435, 29.28645, 88.3125
18.01, 17.63333, 29.28645, 39.81072, 49.375
18.01, 17.63333, 39.81072, 54.11695, 41.96429
18.01, 17.63333, 54.11695, 73.56423, 0.0
18.01, 17.63333, 73.56423, 100.0, 0.0
18.38667, 18.01, 2.51189, 3.41455, 0.0
18.38667, 18.01, 3.41455, 4.64159, 0.0
18.38667, 18.01, 4.64159, 6.30957, 0.0
18.38667, 18.01, 6.30957, 8.57696, 48.95833
18.38667, 18.01, 8.57696, 11.65914, 57.375
18.38667, 18.01, 11.65914, 15.84893, 48.33333
18.38667, 18.01, 15.84893, 21.54435, 73.4375
18.38667, 18.01, 21.54435, 29.28645, 68.25
18.38667, 18.01, 29.28645, 39.81072, 32.5
18.38667, 18.01, 39.81072, 54.11695, 10.37037
18.38667, 18.01, 54.11695, 73.56423, 0.0
18.38667, 18.01, 73.56423, 100.0, 0.0
18.76333, 18.38667, 2.51189, 3.41455, 0.0
18.76333, 18.38667, 3.41455, 4.64159, 13.64583
18.76333, 18.38667, 4.64159, 6.30957, 40.53571
18.76333, 18.38667, 6.30957, 8.57696, 59.50521
18.76333, 18.38667, 8.57696, 11.65914, 87.78409
18.76333, 18.38667, 11.65914, 15.84893, 79.51389
18.76333, 18.38667, 15.84893, 21.54435, 71.875
18.76333, 18.38667, 21.54435, 29.28645, 66.63462
18.76333, 18.38667, 29.28645, 39.81072, 57.75
18.76333, 18.38667, 39.81072, 54.11695, 0.0
18.76333, 18.38667, 54.11695, 73.56423, 0.0
18.76333, 18.38667, 73.56423, 100.0, 0.0
19.14, 18.76333, 2.51189, 3.41455, 0.0
19.14, 18.76333, 3.41455, 4.64159, 0.0
19.14, 18.76333, 4.64159, 6.30957, 38.97569
19.14, 18.76333, 6.30957, 8.57696, 35.85938
19.14, 18.76333, 8.57696, 11.65914, 95.9375
19.14, 18.76333, 11.65914, 15.84893, 84.40104
19.14, 18.76333, 15.84893, 21.54435, 53.00926
19.14, 18.76333, 21.54435, 29.28645, 47.5
19.14, 18.76333, 29.28645, 39.81072, 17.41667
19.14, 18.76333, 39.81072, 54.11695, 0.0
19.14, 18.76333, 54.11695, 73.56423, 0.0
19.14, 18.76333, 73.56423, 100.0, Nan 
19.51667, 19.14, 2.51189, 3.41455, 0.0
19.51667, 19.14, 3.41455, 4.64159, 7.35795
19.51667, 19.14, 4.64159, 6.30957, 50.23148
19.51667, 19.14, 6.30957, 8.57696, 53.4375
19.51667, 19.14, 8.57696, 11.65914, 80.91346
19.51667, 19.14, 11.65914, 15.84893, 96.25
19.51667, 19.14, 15.84893, 21.54435, 31.52778
19.51667, 19.14, 21.54435, 29.28645, 33.04688
19.51667, 19.14, 29.28645, 39.81072, 0.0
19.51667, 19.14, 39.81072, 54.11695, 0.0
19.51667, 19.14, 54.11695, 73.56423, 0.0
19.51667, 19.14, 73.56423, 100.0, 0.0
19.89333, 19.51667, 2.51189, 3.41455, 0.0
19.89333, 19.51667, 3.41455, 4.64159, 7.5
19.89333, 19.51667, 4.64159, 6.30957, 57.80303
19.89333, 19.51667, 6.30957, 8.57696, 62.77778
19.89333, 19.51667, 8.57696, 11.65914, 72.67361
19.89333, 19.51667, 11.65914, 15.84893, 46.5625
19.89333, 19.51667, 15.84893, 21.54435, 10.46875
19.89333, 19.51667, 21.54435, 29.28645, 0.0
19.89333, 19.51667, 29.28645, 39.81072, 0.0
19.89333, 19.51667, 39.81072, 54.11695, 0.0
19.89333, 19.51667, 54.11695, 73.56423, 0.0
19.89333, 19.51667, 73.56423, 100.0, Nan 
20.27, 19.89333, 2.51189, 3.41455, 10.375
20.27, 19.89333, 3.41455, 4.64159, 12.76042
20.27, 19.89333, 4.64159, 6.30957, 40.24621
20.27, 19.89333, 6.30957, 8.57696, 29.375
20.27, 19.89333, 8.57696, 11.65914, 54.10156
20.27, 19.89333, 11.65914, 15.84893, 47.30769
20.27, 19.89333, 15.84893, 21.54435, 5.05682
20.27, 19.89333, 21.54435, 29.28645, 0.0
20.27, 19.89333, 29.28645, 39.81072, 0.0
20.27, 19.89333, 39.81072, 54.11695, 0.0
20.27, 19.89333, 54.11695, 73.56423, 0.0
20.27, 19.89333, 73.56423, 100.0, Nan 
20.64667, 20.27, 2.51189, 3.41455, 0.0
20.64667, 20.27, 3.41455, 4.64159, 0.0
20.64667, 20.27, 4.64159, 6.30957, 12.77778
20.64667, 20.27, 6.30957, 8.57696, 46.09375
20.64667, 20.27, 8.57696, 11.65914, 31.25
20.64667, 20.27, 11.65914, 15.84893, 24.79167
20.64667, 20.27, 15.84893, 21.54435, 0.0
20.64667, 20.27, 21.54435, 29.28645, 0.0
20.64667, 20.27, 29.28645, 39.81072, 0.0
20.64667, 20.27, 39.81072, 54.11695, 0.0
20.64667, 20.27, 54.11695, 73.56423, 0.0
20.64667, 20.27, 73.56423, 100.0, Nan 
21.02333, 20.64667, 2.51189, 3.41455, 0.0
21.02333, 20.64667, 3.41455, 4.64159, 7.09821
21.02333, 20.64667, 4.64159, 6.30957, 34.02778
21.02333, 20.64667, 6.30957, 8.57696, 13.375
21.02333, 20.64667, 8.57696, 11.65914, 5.625
21.02333, 20.64667, 11.65914, 15.84893, 0.0
21.02333, 20.64667, 15.84893, 21.54435, 0.0
21.02333, 20.64667, 21.54435, 29.28645, 0.0
21.02333, 20.64667, 29.28645, 39.81072, 0.0
21.02333, 20.64667, 39.81072, 54.11695, Nan 
21.02333, 20.64667, 54.11695, 73.56423, Nan 
21.02333, 20.64667, 73.56423, 100.0, Nan 
21.4, 21.02333, 2.51189, 3.41455, 0.0
21.4, 21.02333, 3.41455, 4.64159, 7.60417
21.4, 21.02333, 4.64159, 6.30957, Nan 
21.4, 21.02333, 6.30957, 8.57696, 7.70833
21.4, 21.02333, 8.57696, 11.65914, 0.0
21.4, 21.02333, 11.65914, 15.84893, Nan 
21.4, 21.02333, 15.84893, 21.54435, Nan 
21.4, 21.02333, 21.54435, 29.28645, 0.0
21.4, 21.02333, 29.28645, 39.81072, 0.0
21.4, 21.02333, 39.81072, 54.11695, Nan 
21.4, 21.02333, 54.11695, 73.56423, Nan 
21.4, 21.02333, 73.56423, 100.0, Nan 
